  2.000000000000000E-003  2.000000000000000E-003 -0.361532034730077     
  2.000000000000000E-003  0.298270416666667      -0.374736673444305     
  2.000000000000000E-003  0.594540833333333      -0.377637339689922     
  2.000000000000000E-003  0.890811250000000      -0.380312186544458     
  2.000000000000000E-003   1.18708166666667      -0.381307615130884     
  2.000000000000000E-003   1.48335208333333      -0.378653372126894     
  2.000000000000000E-003   1.77962250000000      -0.371084416359422     
  2.000000000000000E-003   2.07589291666667      -0.358592191198649     
  2.000000000000000E-003   2.37216333333333      -0.342403054829586     
  2.000000000000000E-003   2.66843375000000      -0.324803703919449     
  2.000000000000000E-003   2.96470416666667      -0.304803137961982     
  2.000000000000000E-003   3.26097458333333      -0.282878571829093     
  2.000000000000000E-003   3.55724500000000      -0.260406815908733     
  2.000000000000000E-003   3.85351541666667      -0.238718761168399     
  2.000000000000000E-003   4.14978583333333      -0.218641770604648     
  2.000000000000000E-003   4.44605625000000      -0.200443123842479     
  2.000000000000000E-003   4.74232666666667      -0.184101368814041     
  2.000000000000000E-003   5.03859708333333      -0.169638792747633     
  2.000000000000000E-003   5.33486750000000      -0.157105233515770     
  2.000000000000000E-003   5.63113791666667      -0.146490965039206     
  2.000000000000000E-003   5.92740833333333      -0.137738473536521     
  2.000000000000000E-003   6.22367875000000      -0.130573047350944     
  2.000000000000000E-003   6.51994916666667      -0.124062342336541     
  2.000000000000000E-003   6.81621958333333      -0.115981926537775     
  2.000000000000000E-003   7.11249000000000      -0.106268729990083     
  0.298270416666667       2.000000000000000E-003 -0.374736581370742     
  0.298270416666667       0.298270416666667      -0.391606590132057     
  0.298270416666667       0.594540833333333      -0.403960991189118     
  0.298270416666667       0.890811250000000      -0.418311864965910     
  0.298270416666667        1.18708166666667      -0.425919567099722     
  0.298270416666667        1.48335208333333      -0.425574616041092     
  0.298270416666667        1.77962250000000      -0.417639286614328     
  0.298270416666667        2.07589291666667      -0.402547898025448     
  0.298270416666667        2.37216333333333      -0.382956157911588     
  0.298270416666667        2.66843375000000      -0.361620267800201     
  0.298270416666667        2.96470416666667      -0.337101937798705     
  0.298270416666667        3.26097458333333      -0.310215285770038     
  0.298270416666667        3.55724500000000      -0.282903858912684     
  0.298270416666667        3.85351541666667      -0.256933942844821     
  0.298270416666667        4.14978583333333      -0.233307125240827     
  0.298270416666667        4.44605625000000      -0.212262645379365     
  0.298270416666667        4.74232666666667      -0.193650401951325     
  0.298270416666667        5.03859708333333      -0.177340408870968     
  0.298270416666667        5.33486750000000      -0.163274117481409     
  0.298270416666667        5.63113791666667      -0.151329934603202     
  0.298270416666667        5.92740833333333      -0.141339495410036     
  0.298270416666667        6.22367875000000      -0.132872278456186     
  0.298270416666667        6.51994916666667      -0.124981020620179     
  0.298270416666667        6.81621958333333      -0.116710029235767     
  0.298270416666667        7.11249000000000      -0.108906266081015     
  0.594540833333333       2.000000000000000E-003 -0.377637170148381     
  0.594540833333333       0.298270416666667      -0.403961133399842     
  0.594540833333333       0.594540833333333      -0.430069555887576     
  0.594540833333333       0.890811250000000      -0.454125922793361     
  0.594540833333333        1.18708166666667      -0.468393239901952     
  0.594540833333333        1.48335208333333      -0.471227578774154     
  0.594540833333333        1.77962250000000      -0.463602388840636     
  0.594540833333333        2.07589291666667      -0.446473235897674     
  0.594540833333333        2.37216333333333      -0.423871489040407     
  0.594540833333333        2.66843375000000      -0.398771402323554     
  0.594540833333333        2.96470416666667      -0.369403115118573     
  0.594540833333333        3.26097458333333      -0.337277081118370     
  0.594540833333333        3.55724500000000      -0.304980036691691     
  0.594540833333333        3.85351541666667      -0.274643226827250     
  0.594540833333333        4.14978583333333      -0.247390489911428     
  0.594540833333333        4.44605625000000      -0.223414625460743     
  0.594540833333333        4.74232666666667      -0.202428296454257     
  0.594540833333333        5.03859708333333      -0.184143261783455     
  0.594540833333333        5.33486750000000      -0.168387743585576     
  0.594540833333333        5.63113791666667      -0.154930067128704     
  0.594540833333333        5.92740833333333      -0.143465538593701     
  0.594540833333333        6.22367875000000      -0.133514133707518     
  0.594540833333333        6.51994916666667      -0.124564488837602     
  0.594540833333333        6.81621958333333      -0.116629266499892     
  0.594540833333333        7.11249000000000      -0.108971498905242     
  0.890811250000000       2.000000000000000E-003 -0.380311870393818     
  0.890811250000000       0.298270416666667      -0.418311738071420     
  0.890811250000000       0.594540833333333      -0.454125789986199     
  0.890811250000000       0.890811250000000      -0.484611691126215     
  0.890811250000000        1.18708166666667      -0.504258396957714     
  0.890811250000000        1.48335208333333      -0.510809547908881     
  0.890811250000000        1.77962250000000      -0.503858372547135     
  0.890811250000000        2.07589291666667      -0.484893134790417     
  0.890811250000000        2.37216333333333      -0.461438098790635     
  0.890811250000000        2.66843375000000      -0.433057287327480     
  0.890811250000000        2.96470416666667      -0.399097199122533     
  0.890811250000000        3.26097458333333      -0.362141641167200     
  0.890811250000000        3.55724500000000      -0.325384020079605     
  0.890811250000000        3.85351541666667      -0.290958928940024     
  0.890811250000000        4.14978583333333      -0.260226732952522     
  0.890811250000000        4.44605625000000      -0.233435115059868     
  0.890811250000000        4.74232666666667      -0.210143943228755     
  0.890811250000000        5.03859708333333      -0.189928810279480     
  0.890811250000000        5.33486750000000      -0.172535475998315     
  0.890811250000000        5.63113791666667      -0.157671395632168     
  0.890811250000000        5.92740833333333      -0.144959267421137     
  0.890811250000000        6.22367875000000      -0.133970073216180     
  0.890811250000000        6.51994916666667      -0.124364776179393     
  0.890811250000000        6.81621958333333      -0.115855983590658     
  0.890811250000000        7.11249000000000      -0.107494818630715     
   1.18708166666667       2.000000000000000E-003 -0.381306995446707     
   1.18708166666667       0.298270416666667      -0.425918968255409     
   1.18708166666667       0.594540833333333      -0.468392663689234     
   1.18708166666667       0.890811250000000      -0.504257993321376     
   1.18708166666667        1.18708166666667      -0.528704686639536     
   1.18708166666667        1.48335208333333      -0.538645061478963     
   1.18708166666667        1.77962250000000      -0.532815606213649     
   1.18708166666667        2.07589291666667      -0.515110154460472     
   1.18708166666667        2.37216333333333      -0.492332683750021     
   1.18708166666667        2.66843375000000      -0.462055771122350     
   1.18708166666667        2.96470416666667      -0.424489598256862     
   1.18708166666667        3.26097458333333      -0.383912395911333     
   1.18708166666667        3.55724500000000      -0.344703926030216     
   1.18708166666667        3.85351541666667      -0.305694069143163     
   1.18708166666667        4.14978583333333      -0.271379750191856     
   1.18708166666667        4.44605625000000      -0.241973080887370     
   1.18708166666667        4.74232666666667      -0.216560971500782     
   1.18708166666667        5.03859708333333      -0.194593614628629     
   1.18708166666667        5.33486750000000      -0.175765621478456     
   1.18708166666667        5.63113791666667      -0.159753877861868     
   1.18708166666667        5.92740833333333      -0.146111869211342     
   1.18708166666667        6.22367875000000      -0.134361656466891     
   1.18708166666667        6.51994916666667      -0.124079801362116     
   1.18708166666667        6.81621958333333      -0.114813161702048     
   1.18708166666667        7.11249000000000      -0.105931550947177     
   1.48335208333333       2.000000000000000E-003 -0.378652335067145     
   1.48335208333333       0.298270416666667      -0.425573464259568     
   1.48335208333333       0.594540833333333      -0.471226416070844     
   1.48335208333333       0.890811250000000      -0.510808565336802     
   1.48335208333333        1.18708166666667      -0.538644488054293     
   1.48335208333333        1.48335208333333      -0.550825928646062     
   1.48335208333333        1.77962250000000      -0.547520879788520     
   1.48335208333333        2.07589291666667      -0.535720206087009     
   1.48335208333333        2.37216333333333      -0.514768259675482     
   1.48335208333333        2.66843375000000      -0.485720903522974     
   1.48335208333333        2.96470416666667      -0.445945974663645     
   1.48335208333333        3.26097458333333      -0.402650890943233     
   1.48335208333333        3.55724500000000      -0.398437689878203     
   1.48335208333333        3.85351541666667      -0.318917441787288     
   1.48335208333333        4.14978583333333      -0.280622076263673     
   1.48335208333333        4.44605625000000      -0.248868025783326     
   1.48335208333333        4.74232666666667      -0.221530863295734     
   1.48335208333333        5.03859708333333      -0.198044664658165     
   1.48335208333333        5.33486750000000      -0.178060033763425     
   1.48335208333333        5.63113791666667      -0.161191413968853     
   1.48335208333333        5.92740833333333      -0.146889047377341     
   1.48335208333333        6.22367875000000      -0.134560605820515     
   1.48335208333333        6.51994916666667      -0.123690530773397     
   1.48335208333333        6.81621958333333      -0.113844904232592     
   1.48335208333333        7.11249000000000      -0.104646284598423     
   1.77962250000000       2.000000000000000E-003 -0.371082939257755     
   1.77962250000000       0.298270416666667      -0.417637590888569     
   1.77962250000000       0.594540833333333      -0.463600634309593     
   1.77962250000000       0.890811250000000      -0.503856787605200     
   1.77962250000000        1.18708166666667      -0.532814429906664     
   1.77962250000000        1.48335208333333      -0.547520272481366     
   1.77962250000000        1.77962250000000      -0.553385393178866     
   1.77962250000000        2.07589291666667      -0.549417341278726     
   1.77962250000000        2.37216333333333      -0.528679423076201     
   1.77962250000000        2.66843375000000      -0.501780415520303     
   1.77962250000000        2.96470416666667      -0.463313349871634     
   1.77962250000000        3.26097458333333      -0.416200308289286     
   1.77962250000000        3.55724500000000      -0.402089802248812     
   1.77962250000000        3.85351541666667      -0.328380307983530     
   1.77962250000000        4.14978583333333      -0.287717521309687     
   1.77962250000000        4.44605625000000      -0.254005058679775     
   1.77962250000000        4.74232666666667      -0.224928284011516     
   1.77962250000000        5.03859708333333      -0.200230609225816     
   1.77962250000000        5.33486750000000      -0.179375371007833     
   1.77962250000000        5.63113791666667      -0.161917799353619     
   1.77962250000000        5.92740833333333      -0.147194113574831     
   1.77962250000000        6.22367875000000      -0.134471559839413     
   1.77962250000000        6.51994916666667      -0.123181980931207     
   1.77962250000000        6.81621958333333      -0.112963986541859     
   1.77962250000000        7.11249000000000      -0.103592324210564     
   2.07589291666667       2.000000000000000E-003 -0.358590339097213     
   2.07589291666667       0.298270416666667      -0.402545767284768     
   2.07589291666667       0.594540833333333      -0.446471009252786     
   2.07589291666667       0.890811250000000      -0.484891067537019     
   2.07589291666667        1.18708166666667      -0.515108456936420     
   2.07589291666667        1.48335208333333      -0.535719026621508     
   2.07589291666667        1.77962250000000      -0.549416755010909     
   2.07589291666667        2.07589291666667      -0.619001492122495     
   2.07589291666667        2.37216333333333      -0.540768875688324     
   2.07589291666667        2.66843375000000      -0.505285031903080     
   2.07589291666667        2.96470416666667      -0.472315817229950     
   2.07589291666667        3.26097458333333      -0.423613721201603     
   2.07589291666667        3.55724500000000      -0.532615739517967     
   2.07589291666667        3.85351541666667      -0.333704278738725     
   2.07589291666667        4.14978583333333      -0.292434131037567     
   2.07589291666667        4.44605625000000      -0.256952484253360     
   2.07589291666667        4.74232666666667      -0.226537641771515     
   2.07589291666667        5.03859708333333      -0.201607385804495     
   2.07589291666667        5.33486750000000      -0.179675040505194     
   2.07589291666667        5.63113791666667      -0.161877382105830     
   2.07589291666667        5.92740833333333      -0.146931912319506     
   2.07589291666667        6.22367875000000      -0.133988964463547     
   2.07589291666667        6.51994916666667      -0.122460525235429     
   2.07589291666667        6.81621958333333      -0.112055499181154     
   2.07589291666667        7.11249000000000      -0.102635666165944     
   2.37216333333333       2.000000000000000E-003 -0.342400948567828     
   2.37216333333333       0.298270416666667      -0.382953735191085     
   2.37216333333333       0.594540833333333      -0.423868930391199     
   2.37216333333333       0.890811250000000      -0.461435633719950     
   2.37216333333333        1.18708166666667      -0.492330533863125     
   2.37216333333333        1.48335208333333      -0.514766590180319     
   2.37216333333333        1.77962250000000      -0.528678329716264     
   2.37216333333333        2.07589291666667      -0.540768372476428     
   2.37216333333333        2.37216333333333      -0.613557662382075     
   2.37216333333333        2.66843375000000      -0.503378954062907     
   2.37216333333333        2.96470416666667      -0.467922175364662     
   2.37216333333333        3.26097458333333      -0.424811283696581     
   2.37216333333333        3.55724500000000      -0.403926837812834     
   2.37216333333333        3.85351541666667      -0.336129493408178     
   2.37216333333333        4.14978583333333      -0.294664260700885     
   2.37216333333333        4.44605625000000      -0.257558858078909     
   2.37216333333333        4.74232666666667      -0.224804485991185     
   2.37216333333333        5.03859708333333      -0.200546760980563     
   2.37216333333333        5.33486750000000      -0.178908029631430     
   2.37216333333333        5.63113791666667      -0.161015287406852     
   2.37216333333333        5.92740833333333      -0.146034123849830     
   2.37216333333333        6.22367875000000      -0.133013694617832     
   2.37216333333333        6.51994916666667      -0.121399357922173     
   2.37216333333333        6.81621958333333      -0.110971362126378     
   2.37216333333333        7.11249000000000      -0.101634606314549     
   2.66843375000000       2.000000000000000E-003 -0.324801423991556     
   2.66843375000000       0.298270416666667      -0.361617639044661     
   2.66843375000000       0.594540833333333      -0.398768605722910     
   2.66843375000000       0.890811250000000      -0.433054554619792     
   2.66843375000000        1.18708166666667      -0.462053323976865     
   2.66843375000000        1.48335208333333      -0.485718892013955     
   2.66843375000000        1.77962250000000      -0.501778936513935     
   2.66843375000000        2.07589291666667      -0.505284153316086     
   2.66843375000000        2.37216333333333      -0.503378607608396     
   2.66843375000000        2.66843375000000      -0.542223868690379     
   2.66843375000000        2.96470416666667      -0.453061783476995     
   2.66843375000000        3.26097458333333      -0.418733197669752     
   2.66843375000000        3.55724500000000      -0.404726105007009     
   2.66843375000000        3.85351541666667      -0.337636317954835     
   2.66843375000000        4.14978583333333      -0.295215700396030     
   2.66843375000000        4.44605625000000      -0.253996019217775     
   2.66843375000000        4.74232666666667      -0.225708040724147     
   2.66843375000000        5.03859708333333      -0.199271619066000     
   2.66843375000000        5.33486750000000      -0.177194445900073     
   2.66843375000000        5.63113791666667      -0.159294600610922     
   2.66843375000000        5.92740833333333      -0.144424951397196     
   2.66843375000000        6.22367875000000      -0.131442158598403     
   2.66843375000000        6.51994916666667      -0.119874044203012     
   2.66843375000000        6.81621958333333      -0.109569066457231     
   2.66843375000000        7.11249000000000      -0.100435029888465     
   2.96470416666667       2.000000000000000E-003 -0.304800836162074     
   2.96470416666667       0.298270416666667      -0.337099278663908     
   2.96470416666667       0.594540833333333      -0.369400277688230     
   2.96470416666667       0.890811250000000      -0.399094410930863     
   2.96470416666667        1.18708166666667      -0.424487074918021     
   2.96470416666667        1.48335208333333      -0.445943863050019     
   2.96470416666667        1.77962250000000      -0.463311731629019     
   2.96470416666667        2.07589291666667      -0.472314753047816     
   2.96470416666667        2.37216333333333      -0.467921669022345     
   2.96470416666667        2.66843375000000      -0.453061675982664     
   2.96470416666667        2.96470416666667      -0.442196821447456     
   2.96470416666667        3.26097458333333      -0.404556409754969     
   2.96470416666667        3.55724500000000      -0.385726522840872     
   2.96470416666667        3.85351541666667      -0.339213606072376     
   2.96470416666667        4.14978583333333      -0.296743800561142     
   2.96470416666667        4.44605625000000      -0.258565154532840     
   2.96470416666667        4.74232666666667      -0.225414449351419     
   2.96470416666667        5.03859708333333      -0.197475391818133     
   2.96470416666667        5.33486750000000      -0.174848037970879     
   2.96470416666667        5.63113791666667      -0.156813329626849     
   2.96470416666667        5.92740833333333      -0.141972992188343     
   2.96470416666667        6.22367875000000      -0.129119023066628     
   2.96470416666667        6.51994916666667      -0.117747877912182     
   2.96470416666667        6.81621958333333      -0.107725916968271     
   2.96470416666667        7.11249000000000      -9.892447565112013E-002
   3.26097458333333       2.000000000000000E-003 -0.282876422589863     
   3.26097458333333       0.298270416666667      -0.310212798540244     
   3.26097458333333       0.594540833333333      -0.337274422471044     
   3.26097458333333       0.890811250000000      -0.362139019708915     
   3.26097458333333        1.18708166666667      -0.383910002591498     
   3.26097458333333        1.48335208333333      -0.402648858408137     
   3.26097458333333        1.77962250000000      -0.416198745807328     
   3.26097458333333        2.07589291666667      -0.423612680738061     
   3.26097458333333        2.37216333333333      -0.424810753194327     
   3.26097458333333        2.66843375000000      -0.418733121945716     
   3.26097458333333        2.96470416666667      -0.404556598815877     
   3.26097458333333        3.26097458333333      -0.392270487568528     
   3.26097458333333        3.55724500000000      -0.385516963397744     
   3.26097458333333        3.85351541666667      -0.338708669521431     
   3.26097458333333        4.14978583333333      -0.302341346078849     
   3.26097458333333        4.44605625000000      -0.261780983230549     
   3.26097458333333        4.74232666666667      -0.224984759488641     
   3.26097458333333        5.03859708333333      -0.194959542542052     
   3.26097458333333        5.33486750000000      -0.171273629950541     
   3.26097458333333        5.63113791666667      -0.152850561485836     
   3.26097458333333        5.92740833333333      -0.138315238555744     
   3.26097458333333        6.22367875000000      -0.125857990103237     
   3.26097458333333        6.51994916666667      -0.114890552266807     
   3.26097458333333        6.81621958333333      -0.105332855208573     
   3.26097458333333        7.11249000000000      -9.699632168859107E-002
   3.55724500000000       2.000000000000000E-003 -0.260404962061067     
   3.55724500000000       0.298270416666667      -0.282901708343481     
   3.55724500000000       0.594540833333333      -0.304977733427915     
   3.55724500000000       0.890811250000000      -0.325381741310061     
   3.55724500000000        1.18708166666667      -0.344701811253533     
   3.55724500000000        1.48335208333333      -0.398435171972110     
   3.55724500000000        1.77962250000000      -0.402087980728085     
   3.55724500000000        2.07589291666667      -0.532613575855010     
   3.55724500000000        2.37216333333333      -0.403926281593598     
   3.55724500000000        2.66843375000000      -0.404726147039748     
   3.55724500000000        2.96470416666667      -0.385726607711095     
   3.55724500000000        3.26097458333333      -0.385517165428001     
   3.55724500000000        3.55724500000000      -0.361959956469671     
   3.55724500000000        3.85351541666667      -0.354943836114259     
   3.55724500000000        4.14978583333333      -0.328371136665763     
   3.55724500000000        4.44605625000000      -0.291566712122488     
   3.55724500000000        4.74232666666667      -0.231858341490570     
   3.55724500000000        5.03859708333333      -0.209285244374045     
   3.55724500000000        5.33486750000000      -0.163918075188068     
   3.55724500000000        5.63113791666667      -0.138920208239719     
   3.55724500000000        5.92740833333333      -0.133203215941508     
   3.55724500000000        6.22367875000000      -0.121583085376608     
   3.55724500000000        6.51994916666667      -0.111247390942288     
   3.55724500000000        6.81621958333333      -0.102335369401624     
   3.55724500000000        7.11249000000000      -9.457808876970852E-002
   3.85351541666667       2.000000000000000E-003 -0.238717281925571     
   3.85351541666667       0.298270416666667      -0.256932219671760     
   3.85351541666667       0.594540833333333      -0.274641375592944     
   3.85351541666667       0.890811250000000      -0.290957093278535     
   3.85351541666667        1.18708166666667      -0.305692376785138     
   3.85351541666667        1.48335208333333      -0.318915978522070     
   3.85351541666667        1.77962250000000      -0.328379149586285     
   3.85351541666667        2.07589291666667      -0.333703437267109     
   3.85351541666667        2.37216333333333      -0.336128888807880     
   3.85351541666667        2.66843375000000      -0.337635780239082     
   3.85351541666667        2.96470416666667      -0.339212987430672     
   3.85351541666667        3.26097458333333      -0.338708041591588     
   3.85351541666667        3.55724500000000      -0.354943104174765     
   3.85351541666667        3.85351541666667      -0.359479279867492     
   3.85351541666667        4.14978583333333      -0.302979492519493     
   3.85351541666667        4.44605625000000      -0.252895702691769     
   3.85351541666667        4.74232666666667      -0.210476494546901     
   3.85351541666667        5.03859708333333      -0.179660557541442     
   3.85351541666667        5.33486750000000      -0.157282004549822     
   3.85351541666667        5.63113791666667      -0.140534266899888     
   3.85351541666667        5.92740833333333      -0.127472477542818     
   3.85351541666667        6.22367875000000      -0.116404591023841     
   3.85351541666667        6.51994916666667      -0.106893252329678     
   3.85351541666667        6.81621958333333      -9.877988426870245E-002
   3.85351541666667        7.11249000000000      -9.167639330438598E-002
   4.14978583333333       2.000000000000000E-003 -0.218640671803244     
   4.14978583333333       0.298270416666667      -0.233305838282852     
   4.14978583333333       0.594540833333333      -0.247389101915056     
   4.14978583333333       0.890811250000000      -0.260225353262954     
   4.14978583333333        1.18708166666667      -0.271378481042359     
   4.14978583333333        1.48335208333333      -0.280620989489876     
   4.14978583333333        1.77962250000000      -0.287716649170633     
   4.14978583333333        2.07589291666667      -0.292433455541294     
   4.14978583333333        2.37216333333333      -0.294663710558686     
   4.14978583333333        2.66843375000000      -0.295215181838643     
   4.14978583333333        2.96470416666667      -0.296743160462823     
   4.14978583333333        3.26097458333333      -0.302340805466569     
   4.14978583333333        3.55724500000000      -0.328370212642209     
   4.14978583333333        3.85351541666667      -0.302978883151588     
   4.14978583333333        4.14978583333333      -0.285408987123368     
   4.14978583333333        4.44605625000000      -0.226682568595705     
   4.14978583333333        4.74232666666667      -0.191755014957103     
   4.14978583333333        5.03859708333333      -0.164951848347403     
   4.14978583333333        5.33486750000000      -0.146041603805242     
   4.14978583333333        5.63113791666667      -0.132081348598009     
   4.14978583333333        5.92740833333333      -0.120497362139129     
   4.14978583333333        6.22367875000000      -0.110514945798024     
   4.14978583333333        6.51994916666667      -0.102043139394190     
   4.14978583333333        6.81621958333333      -9.483162366196210E-002
   4.14978583333333        7.11249000000000      -8.840222466082057E-002
   4.44605625000000       2.000000000000000E-003 -0.200442357533301     
   4.44605625000000       0.298270416666667      -0.212261742933768     
   4.44605625000000       0.594540833333333      -0.223413648377796     
   4.44605625000000       0.890811250000000      -0.233434140117643     
   4.44605625000000        1.18708166666667      -0.241972179262076     
   4.44605625000000        1.48335208333333      -0.248867245824938     
   4.44605625000000        1.77962250000000      -0.254004419191262     
   4.44605625000000        2.07589291666667      -0.256951973842598     
   4.44605625000000        2.37216333333333      -0.257558444305072     
   4.44605625000000        2.66843375000000      -0.253995723835268     
   4.44605625000000        2.96470416666667      -0.258564727573189     
   4.44605625000000        3.26097458333333      -0.261780475543451     
   4.44605625000000        3.55724500000000      -0.291565418626358     
   4.44605625000000        3.85351541666667      -0.252894942724575     
   4.44605625000000        4.14978583333333      -0.226682186876452     
   4.44605625000000        4.44605625000000      -0.190776733429727     
   4.44605625000000        4.74232666666667      -0.169298540332416     
   4.44605625000000        5.03859708333333      -0.150124069405446     
   4.44605625000000        5.33486750000000      -0.134702495208680     
   4.44605625000000        5.63113791666667      -0.122886656050755     
   4.44605625000000        5.92740833333333      -0.112964658136055     
   4.44605625000000        6.22367875000000      -0.104327932593659     
   4.44605625000000        6.51994916666667      -9.701903687534662E-002
   4.44605625000000        6.81621958333333      -9.072470005994324E-002
   4.44605625000000        7.11249000000000      -8.492756713332000E-002
   4.74232666666667       2.000000000000000E-003 -0.184100867233915     
   4.74232666666667       0.298270416666667      -0.193649807494982     
   4.74232666666667       0.594540833333333      -0.202427649511647     
   4.74232666666667       0.890811250000000      -0.210143293734492     
   4.74232666666667        1.18708166666667      -0.216560364918598     
   4.74232666666667        1.48335208333333      -0.221530330289854     
   4.74232666666667        1.77962250000000      -0.224927839783634     
   4.74232666666667        2.07589291666667      -0.226537297698106     
   4.74232666666667        2.37216333333333      -0.224804357913622     
   4.74232666666667        2.66843375000000      -0.225707744250812     
   4.74232666666667        2.96470416666667      -0.225414110671646     
   4.74232666666667        3.26097458333333      -0.224984287680722     
   4.74232666666667        3.55724500000000      -0.231857285378615     
   4.74232666666667        3.85351541666667      -0.210475812165077     
   4.74232666666667        4.14978583333333      -0.191754471067640     
   4.74232666666667        4.44605625000000      -0.169298332107400     
   4.74232666666667        4.74232666666667      -0.130739321143660     
   4.74232666666667        5.03859708333333      -0.134022372195804     
   4.74232666666667        5.33486750000000      -0.124164222498347     
   4.74232666666667        5.63113791666667      -0.114297218076922     
   4.74232666666667        5.92740833333333      -0.105652424706737     
   4.74232666666667        6.22367875000000      -9.831488400829269E-002
   4.74232666666667        6.51994916666667      -9.213088573594480E-002
   4.74232666666667        6.81621958333333      -8.666659699746665E-002
   4.74232666666667        7.11249000000000      -8.141398406139870E-002
   5.03859708333333       2.000000000000000E-003 -0.169638496142006     
   5.03859708333333       0.298270416666667      -0.177340051832512     
   5.03859708333333       0.594540833333333      -0.184142868015633     
   5.03859708333333       0.890811250000000      -0.189928407119580     
   5.03859708333333        1.18708166666667      -0.194593229988626     
   5.03859708333333        1.48335208333333      -0.198044317969767     
   5.03859708333333        1.77962250000000      -0.200230315740445     
   5.03859708333333        2.07589291666667      -0.201607276188444     
   5.03859708333333        2.37216333333333      -0.200546546370022     
   5.03859708333333        2.66843375000000      -0.199271380030608     
   5.03859708333333        2.96470416666667      -0.197475114324655     
   5.03859708333333        3.26097458333333      -0.194959137649319     
   5.03859708333333        3.55724500000000      -0.209282648987863     
   5.03859708333333        3.85351541666667      -0.179660013908849     
   5.03859708333333        4.14978583333333      -0.164951352536666     
   5.03859708333333        4.44605625000000      -0.150123789233207     
   5.03859708333333        4.74232666666667      -0.134022275448638     
   5.03859708333333        5.03859708333333      -0.111080360685000     
   5.03859708333333        5.33486750000000      -0.113993506649613     
   5.03859708333333        5.63113791666667      -0.106148624958908     
   5.03859708333333        5.92740833333333      -9.888071480433401E-002
   5.03859708333333        6.22367875000000      -9.274747205673958E-002
   5.03859708333333        6.51994916666667      -8.752359263719175E-002
   5.03859708333333        6.81621958333333      -8.274898676118088E-002
   5.03859708333333        7.11249000000000      -7.796523516583428E-002
   5.33486750000000       2.000000000000000E-003 -0.157105076130801     
   5.33486750000000       0.298270416666667      -0.163273923601696     
   5.33486750000000       0.594540833333333      -0.168387526162361     
   5.33486750000000       0.890811250000000      -0.172535249316848     
   5.33486750000000        1.18708166666667      -0.175765395546816     
   5.33486750000000        1.48335208333333      -0.178059816693028     
   5.33486750000000        1.77962250000000      -0.179375171574864     
   5.33486750000000        2.07589291666667      -0.179674859419926     
   5.33486750000000        2.37216333333333      -0.178907848292439     
   5.33486750000000        2.66843375000000      -0.177194257386807     
   5.33486750000000        2.96470416666667      -0.174847813609913     
   5.33486750000000        3.26097458333333      -0.171273315978499     
   5.33486750000000        3.55724500000000      -0.163917421826471     
   5.33486750000000        3.85351541666667      -0.157281617958596     
   5.33486750000000        4.14978583333333      -0.146041255502011     
   5.33486750000000        4.44605625000000      -0.134702252202553     
   5.33486750000000        4.74232666666667      -0.124164108748554     
   5.33486750000000        5.03859708333333      -0.113993471776231     
   5.33486750000000        5.33486750000000      -0.105969256526821     
   5.33486750000000        5.63113791666667      -9.894402175063355E-002
   5.33486750000000        5.92740833333333      -9.281314343593423E-002
   5.33486750000000        6.22367875000000      -8.765683987576740E-002
   5.33486750000000        6.51994916666667      -8.321949086166588E-002
   5.33486750000000        6.81621958333333      -7.904233607474731E-002
   5.33486750000000        7.11249000000000      -7.472728428578805E-002
   5.63113791666667       2.000000000000000E-003 -0.146490895126755     
   5.63113791666667       0.298270416666667      -0.151329836120129     
   5.63113791666667       0.594540833333333      -0.154929951420173     
   5.63113791666667       0.890811250000000      -0.157671273771711     
   5.63113791666667        1.18708166666667      -0.159753751178655     
   5.63113791666667        1.48335208333333      -0.161191279373640     
   5.63113791666667        1.77962250000000      -0.161917658708611     
   5.63113791666667        2.07589291666667      -0.161877237814184     
   5.63113791666667        2.37216333333333      -0.161015138437530     
   5.63113791666667        2.66843375000000      -0.159294444879269     
   5.63113791666667        2.96470416666667      -0.156813151472683     
   5.63113791666667        3.26097458333333      -0.152850342332394     
   5.63113791666667        3.55724500000000      -0.138919874823240     
   5.63113791666667        3.85351541666667      -0.140534026017595     
   5.63113791666667        4.14978583333333      -0.132081139626676     
   5.63113791666667        4.44605625000000      -0.122886502705999     
   5.63113791666667        4.74232666666667      -0.114297136722610     
   5.63113791666667        5.03859708333333      -0.106148597769916     
   5.63113791666667        5.33486750000000      -9.894402294943624E-002
   5.63113791666667        5.63113791666667      -9.275037159424003E-002
   5.63113791666667        5.92740833333333      -8.749958553567060E-002
   5.63113791666667        6.22367875000000      -8.315121458392084E-002
   5.63113791666667        6.51994916666667      -7.938868823950648E-002
   5.63113791666667        6.81621958333333      -7.573937381374894E-002
   5.63113791666667        7.11249000000000      -7.186041902459638E-002
   5.92740833333333       2.000000000000000E-003 -0.137738461521402     
   5.92740833333333       0.298270416666667      -0.141339447026494     
   5.92740833333333       0.594540833333333      -0.143465469883257     
   5.92740833333333       0.890811250000000      -0.144959195421413     
   5.92740833333333        1.18708166666667      -0.146111793165241     
   5.92740833333333        1.48335208333333      -0.146888957468647     
   5.92740833333333        1.77962250000000      -0.147194005695176     
   5.92740833333333        2.07589291666667      -0.146931792812934     
   5.92740833333333        2.37216333333333      -0.146033996480213     
   5.92740833333333        2.66843375000000      -0.144424818188002     
   5.92740833333333        2.96470416666667      -0.141972852045287     
   5.92740833333333        3.26097458333333      -0.138315091196283     
   5.92740833333333        3.55724500000000      -0.133203069021860     
   5.92740833333333        3.85351541666667      -0.127472343983392     
   5.92740833333333        4.14978583333333      -0.120497254351874     
   5.92740833333333        4.44605625000000      -0.112964586412884     
   5.92740833333333        4.74232666666667      -0.105652394432705     
   5.92740833333333        5.03859708333333      -9.888072132486385E-002
   5.92740833333333        5.33486750000000      -9.281317565543028E-002
   5.92740833333333        5.63113791666667      -8.749961520696865E-002
   5.92740833333333        5.92740833333333      -8.305201757557211E-002
   5.92740833333333        6.22367875000000      -7.940133503675352E-002
   5.92740833333333        6.51994916666667      -7.620554793746381E-002
   5.92740833333333        6.81621958333333      -7.298186263504285E-002
   5.92740833333333        7.11249000000000      -6.944151869720243E-002
   6.22367875000000       2.000000000000000E-003 -0.130573090255645     
   6.22367875000000       0.298270416666667      -0.132872262022912     
   6.22367875000000       0.594540833333333      -0.133514087040173     
   6.22367875000000       0.890811250000000      -0.133970026802241     
   6.22367875000000        1.18708166666667      -0.134361607217045     
   6.22367875000000        1.48335208333333      -0.134560539131072     
   6.22367875000000        1.77962250000000      -0.134471468953420     
   6.22367875000000        2.07589291666667      -0.133988858711276     
   6.22367875000000        2.37216333333333      -0.133013583154610     
   6.22367875000000        2.66843375000000      -0.131442046400985     
   6.22367875000000        2.96470416666667      -0.129118915356487     
   6.22367875000000        3.26097458333333      -0.125857892304699     
   6.22367875000000        3.55724500000000      -0.121583003446015     
   6.22367875000000        3.85351541666667      -0.116404530608266     
   6.22367875000000        4.14978583333333      -0.110514910791725     
   6.22367875000000        4.44605625000000      -0.104327925128006     
   6.22367875000000        4.74232666666667      -9.831490489681621E-002
   6.22367875000000        5.03859708333333      -9.274752233162516E-002
   6.22367875000000        5.33486750000000      -8.765691355199921E-002
   6.22367875000000        5.63113791666667      -8.315128505829392E-002
   6.22367875000000        5.92740833333333      -7.940137827587997E-002
   6.22367875000000        6.22367875000000      -7.637150544490802E-002
   6.22367875000000        6.51994916666667      -7.371244673129894E-002
   6.22367875000000        6.81621958333333      -7.080531925239547E-002
   6.22367875000000        7.11249000000000      -6.741124174954900E-002
   6.51994916666667       2.000000000000000E-003 -0.124062447309484     
   6.51994916666667       0.298270416666667      -0.124981040215551     
   6.51994916666667       0.594540833333333      -0.124564476395838     
   6.51994916666667       0.890811250000000      -0.124364763553097     
   6.51994916666667        1.18708166666667      -0.124079778089929     
   6.51994916666667        1.48335208333333      -0.123690482517027     
   6.51994916666667        1.77962250000000      -0.123181903498462     
   6.51994916666667        2.07589291666667      -0.122460429904658     
   6.51994916666667        2.37216333333333      -0.121399262416011     
   6.51994916666667        2.66843375000000      -0.119873953921265     
   6.51994916666667        2.96470416666667      -0.117747799779070     
   6.51994916666667        3.26097458333333      -0.114890493165223     
   6.51994916666667        3.55724500000000      -0.111247356001319     
   6.51994916666667        3.85351541666667      -0.106893243756421     
   6.51994916666667        4.14978583333333      -0.102043156231209     
   6.51994916666667        4.44605625000000      -9.701907638831059E-002
   6.51994916666667        4.74232666666667      -9.213094637730457E-002
   6.51994916666667        5.03859708333333      -8.752367903591024E-002
   6.51994916666667        5.33486750000000      -8.321959509171378E-002
   6.51994916666667        5.63113791666667      -7.938879109251108E-002
   6.51994916666667        5.92740833333333      -7.620563172552280E-002
   6.51994916666667        6.22367875000000      -7.371249578530513E-002
   6.51994916666667        6.51994916666667      -7.161614297315053E-002
   6.51994916666667        6.81621958333333      -6.904500436935937E-002
   6.51994916666667        7.11249000000000      -6.559493862095342E-002
   6.81621958333333       2.000000000000000E-003 -0.115982061844693     
   6.81621958333333       0.298270416666667      -0.116710102744995     
   6.81621958333333       0.594540833333333      -0.116629325981542     
   6.81621958333333       0.890811250000000      -0.115856020688971     
   6.81621958333333        1.18708166666667      -0.114813166060617     
   6.81621958333333        1.48335208333333      -0.113844873763363     
   6.81621958333333        1.77962250000000      -0.112963923849457     
   6.81621958333333        2.07589291666667      -0.112055417699468     
   6.81621958333333        2.37216333333333      -0.110971284936929     
   6.81621958333333        2.66843375000000      -0.109568999168798     
   6.81621958333333        2.96470416666667      -0.107725865715408     
   6.81621958333333        3.26097458333333      -0.105332826383740     
   6.81621958333333        3.55724500000000      -0.102335367096136     
   6.81621958333333        3.85351541666667      -9.877990872114070E-002
   6.81621958333333        4.14978583333333      -9.483167130391087E-002
   6.81621958333333        4.44605625000000      -9.072476551852150E-002
   6.81621958333333        4.74232666666667      -8.666667704588042E-002
   6.81621958333333        5.03859708333333      -8.274908486999247E-002
   6.81621958333333        5.33486750000000      -7.904244718959404E-002
   6.81621958333333        5.63113791666667      -7.573948727131677E-002
   6.81621958333333        5.92740833333333      -7.298196941123652E-002
   6.81621958333333        6.22367875000000      -7.080541083184549E-002
   6.81621958333333        6.51994916666667      -6.904506418163864E-002
   6.81621958333333        6.81621958333333      -6.684798198652213E-002
   6.81621958333333        7.11249000000000      -6.348867736101092E-002
   7.11249000000000       2.000000000000000E-003 -0.106268886952702     
   7.11249000000000       0.298270416666667      -0.108906383615962     
   7.11249000000000       0.594540833333333      -0.108971602552914     
   7.11249000000000       0.890811250000000      -0.107494875387368     
   7.11249000000000        1.18708166666667      -0.105931563535727     
   7.11249000000000        1.48335208333333      -0.104646262872692     
   7.11249000000000        1.77962250000000      -0.103592274064672     
   7.11249000000000        2.07589291666667      -0.102635599878951     
   7.11249000000000        2.37216333333333      -0.101634547815666     
   7.11249000000000        2.66843375000000      -0.100434983482478     
   7.11249000000000        2.96470416666667      -9.892444549971137E-002
   7.11249000000000        3.26097458333333      -9.699631270005833E-002
   7.11249000000000        3.55724500000000      -9.457810381097433E-002
   7.11249000000000        3.85351541666667      -9.167643149523889E-002
   7.11249000000000        4.14978583333333      -8.840228143269890E-002
   7.11249000000000        4.44605625000000      -8.492763618693185E-002
   7.11249000000000        4.74232666666667      -8.141406088169635E-002
   7.11249000000000        5.03859708333333      -7.796532052118835E-002
   7.11249000000000        5.33486750000000      -7.472737745648818E-002
   7.11249000000000        5.63113791666667      -7.186051784473170E-002
   7.11249000000000        5.92740833333333      -6.944162210565644E-002
   7.11249000000000        6.22367875000000      -6.741135051303287E-002
   7.11249000000000        6.51994916666667      -6.559504132925968E-002
   7.11249000000000        6.81621958333333      -6.348872824174723E-002
   7.11249000000000        7.11249000000000      -6.006653330701068E-002
