  2.000000000000000E-003  2.000000000000000E-003  -1.83574951356789     
  2.000000000000000E-003  0.298270416666667       -1.80620962172672     
  2.000000000000000E-003  0.594540833333333       -1.58344018286166     
  2.000000000000000E-003  0.890811250000000       -1.27156274113376     
  2.000000000000000E-003   1.18708166666667      -0.993547927439756     
  2.000000000000000E-003   1.48335208333333      -0.776282006811337     
  2.000000000000000E-003   1.77962250000000      -0.612640794395413     
  2.000000000000000E-003   2.07589291666667      -0.490979144036964     
  2.000000000000000E-003   2.37216333333333      -0.401146752605977     
  2.000000000000000E-003   2.66843375000000      -0.334650988209141     
  2.000000000000000E-003   2.96470416666667      -0.285079237530428     
  2.000000000000000E-003   3.26097458333333      -0.247552502709502     
  2.000000000000000E-003   3.55724500000000      -0.218254943781338     
  2.000000000000000E-003   3.85351541666667      -0.194435155943172     
  2.000000000000000E-003   4.14978583333333      -0.174359573792792     
  2.000000000000000E-003   4.44605625000000      -0.157096182018364     
  2.000000000000000E-003   4.74232666666667      -0.142179369897184     
  2.000000000000000E-003   5.03859708333333      -0.129297070597044     
  2.000000000000000E-003   5.33486750000000      -0.118091495339742     
  2.000000000000000E-003   5.63113791666667      -0.108303533952784     
  2.000000000000000E-003   5.92740833333333      -9.972076073707177E-002
  2.000000000000000E-003   6.22367875000000      -9.214009190094211E-002
  2.000000000000000E-003   6.51994916666667      -8.526876515019839E-002
  2.000000000000000E-003   6.81621958333333      -7.850851504837962E-002
  2.000000000000000E-003   7.11249000000000      -7.164019676557655E-002
  0.298270416666667       2.000000000000000E-003  -1.80620924829091     
  0.298270416666667       0.298270416666667       -1.72598162004901     
  0.298270416666667       0.594540833333333       -1.50081841053855     
  0.298270416666667       0.890811250000000       -1.21730829812189     
  0.298270416666667        1.18708166666667      -0.961075855178464     
  0.298270416666667        1.48335208333333      -0.756668915334401     
  0.298270416666667        1.77962250000000      -0.600495443020375     
  0.298270416666667        2.07589291666667      -0.483208752258647     
  0.298270416666667        2.37216333333333      -0.396011688191013     
  0.298270416666667        2.66843375000000      -0.331144184685540     
  0.298270416666667        2.96470416666667      -0.282614689500308     
  0.298270416666667        3.26097458333333      -0.245763579965915     
  0.298270416666667        3.55724500000000      -0.216908938453313     
  0.298270416666667        3.85351541666667      -0.193386300702270     
  0.298270416666667        4.14978583333333      -0.173519713620246     
  0.298270416666667        4.44605625000000      -0.156410461227885     
  0.298270416666667        4.74232666666667      -0.141608952640488     
  0.298270416666667        5.03859708333333      -0.128813141125855     
  0.298270416666667        5.33486750000000      -0.117678602757847     
  0.298270416666667        5.63113791666667      -0.107946712773100     
  0.298270416666667        5.92740833333333      -9.941160004591554E-002
  0.298270416666667        6.22367875000000      -9.187687322761418E-002
  0.298270416666667        6.51994916666667      -8.501982246659288E-002
  0.298270416666667        6.81621958333333      -7.791458010075857E-002
  0.298270416666667        7.11249000000000      -7.035527664027957E-002
  0.594540833333333       2.000000000000000E-003  -1.58343967708662     
  0.594540833333333       0.298270416666667       -1.50081811965626     
  0.594540833333333       0.594540833333333       -1.30907248153811     
  0.594540833333333       0.890811250000000       -1.08534604232658     
  0.594540833333333        1.18708166666667      -0.877378646649942     
  0.594540833333333        1.48335208333333      -0.704094566025764     
  0.594540833333333        1.77962250000000      -0.567076350976572     
  0.594540833333333        2.07589291666667      -0.461522444657816     
  0.594540833333333        2.37216333333333      -0.381540865882067     
  0.594540833333333        2.66843375000000      -0.321206850224267     
  0.594540833333333        2.96470416666667      -0.275606954609639     
  0.594540833333333        3.26097458333333      -0.240661590503866     
  0.594540833333333        3.55724500000000      -0.213058519766296     
  0.594540833333333        3.85351541666667      -0.190380653022940     
  0.594540833333333        4.14978583333333      -0.171110513490939     
  0.594540833333333        4.44605625000000      -0.154440125371572     
  0.594540833333333        4.74232666666667      -0.139966049648323     
  0.594540833333333        5.03859708333333      -0.127411019452869     
  0.594540833333333        5.33486750000000      -0.116466537591836     
  0.594540833333333        5.63113791666667      -0.106869041230656     
  0.594540833333333        5.92740833333333      -9.840092277595158E-002
  0.594540833333333        6.22367875000000      -9.080051335080892E-002
  0.594540833333333        6.51994916666667      -8.355262943660073E-002
  0.594540833333333        6.81621958333333      -7.577609622849434E-002
  0.594540833333333        7.11249000000000      -6.843079817346455E-002
  0.890811250000000       2.000000000000000E-003  -1.27156274826648     
  0.890811250000000       0.298270416666667       -1.21730838310105     
  0.890811250000000       0.594540833333333       -1.08534620258901     
  0.890811250000000       0.890811250000000      -0.924916212145370     
  0.890811250000000        1.18708166666667      -0.768844556737041     
  0.890811250000000        1.48335208333333      -0.632313632045857     
  0.890811250000000        1.77962250000000      -0.519611929479645     
  0.890811250000000        2.07589291666667      -0.429839855265548     
  0.890811250000000        2.37216333333333      -0.360009626390664     
  0.890811250000000        2.66843375000000      -0.306281582553479     
  0.890811250000000        2.96470416666667      -0.265023284419001     
  0.890811250000000        3.26097458333333      -0.232920374455112     
  0.890811250000000        3.55724500000000      -0.207186316150711     
  0.890811250000000        3.85351541666667      -0.185784705608093     
  0.890811250000000        4.14978583333333      -0.167421852692892     
  0.890811250000000        4.44605625000000      -0.151415855190145     
  0.890811250000000        4.74232666666667      -0.137435069380204     
  0.890811250000000        5.03859708333333      -0.125241397321134     
  0.890811250000000        5.33486750000000      -0.114567539681903     
  0.890811250000000        5.63113791666667      -0.105149763576269     
  0.890811250000000        5.92740833333333      -9.674540855407089E-002
  0.890811250000000        6.22367875000000      -8.905044698494259E-002
  0.890811250000000        6.51994916666667      -8.162111900755933E-002
  0.890811250000000        6.81621958333333      -7.416535541722362E-002
  0.890811250000000        7.11249000000000      -6.754244501975802E-002
   1.18708166666667       2.000000000000000E-003 -0.993548469016153     
   1.18708166666667       0.298270416666667      -0.961076440676304     
   1.18708166666667       0.594540833333333      -0.877379175018108     
   1.18708166666667       0.890811250000000      -0.768844869395170     
   1.18708166666667        1.18708166666667      -0.657116895284666     
   1.18708166666667        1.48335208333333      -0.554361288169005     
   1.18708166666667        1.77962250000000      -0.465819231117452     
   1.18708166666667        2.07589291666667      -0.392770178313261     
   1.18708166666667        2.37216333333333      -0.334268193248820     
   1.18708166666667        2.66843375000000      -0.288162984287558     
   1.18708166666667        2.96470416666667      -0.252039776347694     
   1.18708166666667        3.26097458333333      -0.223331163019845     
   1.18708166666667        3.55724500000000      -0.199792004515143     
   1.18708166666667        3.85351541666667      -0.180012651940451     
   1.18708166666667        4.14978583333333      -0.162799776650823     
   1.18708166666667        4.44605625000000      -0.147618265112322     
   1.18708166666667        4.74232666666667      -0.134243545406007     
   1.18708166666667        5.03859708333333      -0.122494400533592     
   1.18708166666667        5.33486750000000      -0.112143729676778     
   1.18708166666667        5.63113791666667      -0.102951233445492     
   1.18708166666667        5.92740833333333      -9.467832425050175E-002
   1.18708166666667        6.22367875000000      -8.706126755169401E-002
   1.18708166666667        6.51994916666667      -7.983506518394130E-002
   1.18708166666667        6.81621958333333      -7.295881271103519E-002
   1.18708166666667        7.11249000000000      -6.686306313218442E-002
   1.48335208333333       2.000000000000000E-003 -0.776282902240455     
   1.48335208333333       0.298270416666667      -0.756669856824104     
   1.48335208333333       0.594540833333333      -0.704095411099505     
   1.48335208333333       0.890811250000000      -0.632314244391309     
   1.48335208333333        1.18708166666667      -0.554361589832881     
   1.48335208333333        1.48335208333333      -0.479245292369601     
   1.48335208333333        1.77962250000000      -0.411815946586973     
   1.48335208333333        2.07589291666667      -0.354347472234565     
   1.48335208333333        2.37216333333333      -0.306926208420805     
   1.48335208333333        2.66843375000000      -0.268437393511170     
   1.48335208333333        2.96470416666667      -0.237662337215967     
   1.48335208333333        3.26097458333333      -0.212577608724216     
   1.48335208333333        3.55724500000000      -0.189021641907480     
   1.48335208333333        3.85351541666667      -0.173410353615194     
   1.48335208333333        4.14978583333333      -0.157543340583347     
   1.48335208333333        4.44605625000000      -0.143289122140510     
   1.48335208333333        4.74232666666667      -0.130592655085182     
   1.48335208333333        5.03859708333333      -0.119336513113486     
   1.48335208333333        5.33486750000000      -0.109356159580412     
   1.48335208333333        5.63113791666667      -0.100440195141899     
   1.48335208333333        5.92740833333333      -9.238805769493212E-002
   1.48335208333333        6.22367875000000      -8.500560375804332E-002
   1.48335208333333        6.51994916666667      -7.813376497977964E-002
   1.48335208333333        6.81621958333333      -7.174928637131678E-002
   1.48335208333333        7.11249000000000      -6.601230706889699E-002
   1.77962250000000       2.000000000000000E-003 -0.612641855842095     
   1.77962250000000       0.298270416666667      -0.600496557541983     
   1.77962250000000       0.594540833333333      -0.567077371211779     
   1.77962250000000       0.890811250000000      -0.519612729435875     
   1.77962250000000        1.18708166666667      -0.465819741030506     
   1.77962250000000        1.48335208333333      -0.411816172394467     
   1.77962250000000        1.77962250000000      -0.361532034730076     
   1.77962250000000        2.07589291666667      -0.317087353336515     
   1.77962250000000        2.37216333333333      -0.279876496520826     
   1.77962250000000        2.66843375000000      -0.248554963972698     
   1.77962250000000        2.96470416666667      -0.222762808138715     
   1.77962250000000        3.26097458333333      -0.201402421122250     
   1.77962250000000        3.55724500000000      -0.180014736548052     
   1.77962250000000        3.85351541666667      -0.166423537197648     
   1.77962250000000        4.14978583333333      -0.151885478615122     
   1.77962250000000        4.44605625000000      -0.138603250479189     
   1.77962250000000        4.74232666666667      -0.126624805600308     
   1.77962250000000        5.03859708333333      -0.115865955589892     
   1.77962250000000        5.33486750000000      -0.106301630051024     
   1.77962250000000        5.63113791666667      -9.771821777600466E-002
   1.77962250000000        5.92740833333333      -8.995611481719541E-002
   1.77962250000000        6.22367875000000      -8.288752920781114E-002
   1.77962250000000        6.51994916666667      -7.639111449116266E-002
   1.77962250000000        6.81621958333333      -7.040940627721501E-002
   1.77962250000000        7.11249000000000      -6.496287178036882E-002
   2.07589291666667       2.000000000000000E-003 -0.490980204825579     
   2.07589291666667       0.298270416666667      -0.483209862784600     
   2.07589291666667       0.594540833333333      -0.461523479361699     
   2.07589291666667       0.890811250000000      -0.429840701117373     
   2.07589291666667        1.18708166666667      -0.392770791768516     
   2.07589291666667        1.48335208333333      -0.354347853374188     
   2.07589291666667        1.77962250000000      -0.317087525386351     
   2.07589291666667        2.07589291666667      -0.275858024677252     
   2.07589291666667        2.37216333333333      -0.253775083440071     
   2.07589291666667        2.66843375000000      -0.229918597904670     
   2.07589291666667        2.96470416666667      -0.208476704894333     
   2.07589291666667        3.26097458333333      -0.190527943150773     
   2.07589291666667        3.55724500000000      -0.158983254834272     
   2.07589291666667        3.85351541666667      -0.159450567972881     
   2.07589291666667        4.14978583333333      -0.146083701852526     
   2.07589291666667        4.44605625000000      -0.133775654275827     
   2.07589291666667        4.74232666666667      -0.122440871961181     
   2.07589291666667        5.03859708333333      -0.111616327199754     
   2.07589291666667        5.33486750000000      -0.103062248018444     
   2.07589291666667        5.63113791666667      -9.483770450014116E-002
   2.07589291666667        5.92740833333333      -8.739718429404371E-002
   2.07589291666667        6.22367875000000      -8.066678876687601E-002
   2.07589291666667        6.51994916666667      -7.453827244478904E-002
   2.07589291666667        6.81621958333333      -6.891396163920779E-002
   2.07589291666667        7.11249000000000      -6.373314275657803E-002
   2.37216333333333       2.000000000000000E-003 -0.401147694121812     
   2.37216333333333       0.298270416666667      -0.396012687333324     
   2.37216333333333       0.594540833333333      -0.381541830159827     
   2.37216333333333       0.890811250000000      -0.360010474379891     
   2.37216333333333        1.18708166666667      -0.334268871133180     
   2.37216333333333        1.48335208333333      -0.306926692741403     
   2.37216333333333        1.77962250000000      -0.279876788930567     
   2.37216333333333        2.07589291666667      -0.253775209093079     
   2.37216333333333        2.37216333333333      -0.223809366760495     
   2.37216333333333        2.66843375000000      -0.212708248460368     
   2.37216333333333        2.96470416666667      -0.195951304223745     
   2.37216333333333        3.26097458333333      -0.180582155579217     
   2.37216333333333        3.55724500000000      -0.163737668645726     
   2.37216333333333        3.85351541666667      -0.152743525765026     
   2.37216333333333        4.14978583333333      -0.140470126802581     
   2.37216333333333        4.44605625000000      -0.129037994606038     
   2.37216333333333        4.74232666666667      -0.118110675641149     
   2.37216333333333        5.03859708333333      -0.108482167531524     
   2.37216333333333        5.33486750000000      -9.973070670107603E-002
   2.37216333333333        5.63113791666667      -9.183047976544814E-002
   2.37216333333333        5.92740833333333      -8.472511948792603E-002
   2.37216333333333        6.22367875000000      -7.833122189080732E-002
   2.37216333333333        6.51994916666667      -7.254370809101222E-002
   2.37216333333333        6.81621958333333      -6.724142215715120E-002
   2.37216333333333        7.11249000000000      -6.232514274980107E-002
   2.66843375000000       2.000000000000000E-003 -0.334651812778730     
   2.66843375000000       0.298270416666667      -0.331145083419822     
   2.66843375000000       0.594540833333333      -0.321207750418839     
   2.66843375000000       0.890811250000000      -0.306282411057387     
   2.66843375000000        1.18708166666667      -0.288163683294970     
   2.66843375000000        1.48335208333333      -0.268437929428702     
   2.66843375000000        1.77962250000000      -0.248555322774855     
   2.66843375000000        2.07589291666667      -0.229918797846072     
   2.66843375000000        2.37216333333333      -0.212708331324970     
   2.66843375000000        2.66843375000000      -0.194505508346241     
   2.66843375000000        2.96470416666667      -0.185285068712352     
   2.66843375000000        3.26097458333333      -0.172160837878045     
   2.66843375000000        3.55724500000000      -0.155749684500641     
   2.66843375000000        3.85351541666667      -0.146473556623275     
   2.66843375000000        4.14978583333333      -0.135286891619074     
   2.66843375000000        4.44605625000000      -0.125324745997227     
   2.66843375000000        4.74232666666667      -0.114069337678953     
   2.66843375000000        5.03859708333333      -0.104639919511531     
   2.66843375000000        5.33486750000000      -9.620638337461311E-002
   2.66843375000000        5.63113791666667      -8.869297867229516E-002
   2.66843375000000        5.92740833333333      -8.195623147595070E-002
   2.66843375000000        6.22367875000000      -7.590147532529418E-002
   2.66843375000000        6.51994916666667      -7.043502294210777E-002
   2.66843375000000        6.81621958333333      -6.542481986461000E-002
   2.66843375000000        7.11249000000000      -6.075461794978331E-002
   2.96470416666667       2.000000000000000E-003 -0.285079929627005     
   2.96470416666667       0.298270416666667      -0.282615469442653     
   2.96470416666667       0.594540833333333      -0.275607762337880     
   2.96470416666667       0.890811250000000      -0.265024052830840     
   2.96470416666667        1.18708166666667      -0.252040446436914     
   2.96470416666667        1.48335208333333      -0.237662868334209     
   2.96470416666667        1.77962250000000      -0.222763180096545     
   2.96470416666667        2.07589291666667      -0.208476933089510     
   2.96470416666667        2.37216333333333      -0.195951434625425     
   2.96470416666667        2.66843375000000      -0.185285129451224     
   2.96470416666667        2.96470416666667      -0.177534130134187     
   2.96470416666667        3.26097458333333      -0.165246419925951     
   2.96470416666667        3.55724500000000      -0.150567104672815     
   2.96470416666667        3.85351541666667      -0.140793191362090     
   2.96470416666667        4.14978583333333      -0.132473186780339     
   2.96470416666667        4.44605625000000      -0.119589863353777     
   2.96470416666667        4.74232666666667      -0.109512075183200     
   2.96470416666667        5.03859708333333      -0.100531131981862     
   2.96470416666667        5.33486750000000      -9.257420704304241E-002
   2.96470416666667        5.63113791666667      -8.546727937763414E-002
   2.96470416666667        5.92740833333333      -7.908826844095143E-002
   2.96470416666667        6.22367875000000      -7.337018473685215E-002
   2.96470416666667        6.51994916666667      -6.821448940443198E-002
   2.96470416666667        6.81621958333333      -6.348134896433885E-002
   2.96470416666667        7.11249000000000      -5.904908990823347E-002
   3.26097458333333       2.000000000000000E-003 -0.247553043924979     
   3.26097458333333       0.298270416666667      -0.245764216694836     
   3.26097458333333       0.594540833333333      -0.240662273387426     
   3.26097458333333       0.890811250000000      -0.232921043524788     
   3.26097458333333        1.18708166666667      -0.223331762704927     
   3.26097458333333        1.48335208333333      -0.212578094979749     
   3.26097458333333        1.77962250000000      -0.201402766517968     
   3.26097458333333        2.07589291666667      -0.190528163291915     
   3.26097458333333        2.37216333333333      -0.180582293487208     
   3.26097458333333        2.66843375000000      -0.172160931814721     
   3.26097458333333        2.96470416666667      -0.165246472460109     
   3.26097458333333        3.26097458333333      -0.159464628600789     
   3.26097458333333        3.55724500000000      -0.144301895993635     
   3.26097458333333        3.85351541666667      -0.137311411713696     
   3.26097458333333        4.14978583333333      -0.124704329254137     
   3.26097458333333        4.44605625000000      -0.114097645521475     
   3.26097458333333        4.74232666666667      -0.104630082132226     
   3.26097458333333        5.03859708333333      -9.627046475790055E-002
   3.26097458333333        5.33486750000000      -8.879242537892261E-002
   3.26097458333333        5.63113791666667      -8.208708469481799E-002
   3.26097458333333        5.92740833333333      -7.608606102014791E-002
   3.26097458333333        6.22367875000000      -7.070676095799502E-002
   3.26097458333333        6.51994916666667      -6.585096126251644E-002
   3.26097458333333        6.81621958333333      -6.138239161774475E-002
   3.26097458333333        7.11249000000000      -5.718306535609124E-002
   3.55724500000000       2.000000000000000E-003 -0.218255329818180     
   3.55724500000000       0.298270416666667      -0.216909421532172     
   3.55724500000000       0.594540833333333      -0.213059059850939     
   3.55724500000000       0.890811250000000      -0.207186861645110     
   3.55724500000000        1.18708166666667      -0.199792510547220     
   3.55724500000000        1.48335208333333      -0.189022153796153     
   3.55724500000000        1.77962250000000      -0.180014978195875     
   3.55724500000000        2.07589291666667      -0.158982981604366     
   3.55724500000000        2.37216333333333      -0.163737687394747     
   3.55724500000000        2.66843375000000      -0.155749641653265     
   3.55724500000000        2.96470416666667      -0.150567151993470     
   3.55724500000000        3.26097458333333      -0.144301910788808     
   3.55724500000000        3.55724500000000      -0.136893022569924     
   3.55724500000000        3.85351541666667      -0.126540624019268     
   3.55724500000000        4.14978583333333      -0.114912548740627     
   3.55724500000000        4.44605625000000      -0.103936188306263     
   3.55724500000000        4.74232666666667      -9.756498325440884E-002
   3.55724500000000        5.03859708333333      -8.428067943294137E-002
   3.55724500000000        5.33486750000000      -8.399853378854635E-002
   3.55724500000000        5.63113791666667      -7.793774974107731E-002
   3.55724500000000        5.92740833333333      -7.293530029265879E-002
   3.55724500000000        6.22367875000000      -6.788861585067162E-002
   3.55724500000000        6.51994916666667      -6.331252030024272E-002
   3.55724500000000        6.81621958333333      -5.909219489684568E-002
   3.55724500000000        7.11249000000000      -5.512025494802115E-002
   3.85351541666667       2.000000000000000E-003 -0.194435400842681     
   3.85351541666667       0.298270416666667      -0.193386639303578     
   3.85351541666667       0.594540833333333      -0.190381052797576     
   3.85351541666667       0.890811250000000      -0.185785122924621     
   3.85351541666667        1.18708166666667      -0.180013045057700     
   3.85351541666667        1.48335208333333      -0.173410687326637     
   3.85351541666667        1.77962250000000      -0.166423782897083     
   3.85351541666667        2.07589291666667      -0.159450724361833     
   3.85351541666667        2.37216333333333      -0.152743614754557     
   3.85351541666667        2.66843375000000      -0.146473631985844     
   3.85351541666667        2.96470416666667      -0.140793341664760     
   3.85351541666667        3.26097458333333      -0.137311718079422     
   3.85351541666667        3.55724500000000      -0.126540824917248     
   3.85351541666667        3.85351541666667      -0.117457743361353     
   3.85351541666667        4.14978583333333      -0.109675439983527     
   3.85351541666667        4.44605625000000      -0.101976364711828     
   3.85351541666667        4.74232666666667      -9.473481107807599E-002
   3.85351541666667        5.03859708333333      -8.767664496538224E-002
   3.85351541666667        5.33486750000000      -8.105759887779483E-002
   3.85351541666667        5.63113791666667      -7.505595922600118E-002
   3.85351541666667        5.92740833333333      -6.970387897120879E-002
   3.85351541666667        6.22367875000000      -6.491808395679194E-002
   3.85351541666667        6.51994916666667      -6.059076534449387E-002
   3.85351541666667        6.81621958333333      -5.659879277627196E-002
   3.85351541666667        7.11249000000000      -5.284753099086013E-002
   4.14978583333333       2.000000000000000E-003 -0.174359706588384     
   4.14978583333333       0.298270416666667      -0.173519933266045     
   4.14978583333333       0.594540833333333      -0.171110793082445     
   4.14978583333333       0.890811250000000      -0.167422156014942     
   4.14978583333333        1.18708166666667      -0.162800069951230     
   4.14978583333333        1.48335208333333      -0.157543600646150     
   4.14978583333333        1.77962250000000      -0.151885686275410     
   4.14978583333333        2.07589291666667      -0.146083835946449     
   4.14978583333333        2.37216333333333      -0.140470197078962     
   4.14978583333333        2.66843375000000      -0.135286960911228     
   4.14978583333333        2.96470416666667      -0.132473404624753     
   4.14978583333333        3.26097458333333      -0.124704577527041     
   4.14978583333333        3.55724500000000      -0.114912905218054     
   4.14978583333333        3.85351541666667      -0.109675500060000     
   4.14978583333333        4.14978583333333      -0.101516838229978     
   4.14978583333333        4.44605625000000      -9.673455893080050E-002
   4.14978583333333        4.74232666666667      -9.005242871980935E-002
   4.14978583333333        5.03859708333333      -8.349187309431030E-002
   4.14978583333333        5.33486750000000      -7.719379571074847E-002
   4.14978583333333        5.63113791666667      -7.144585784177146E-002
   4.14978583333333        5.92740833333333      -6.634796050859376E-002
   4.14978583333333        6.22367875000000      -6.180834915108466E-002
   4.14978583333333        6.51994916666667      -5.770392280594923E-002
   4.14978583333333        6.81621958333333      -5.392227377402123E-002
   4.14978583333333        7.11249000000000      -5.038572664123604E-002
   4.44605625000000       2.000000000000000E-003 -0.157096239255931     
   4.44605625000000       0.298270416666667      -0.156410595354445     
   4.44605625000000       0.594540833333333      -0.154440313910634     
   4.44605625000000       0.890811250000000      -0.151416068547685     
   4.44605625000000        1.18708166666667      -0.147618477317367     
   4.44605625000000        1.48335208333333      -0.143289318760090     
   4.44605625000000        1.77962250000000      -0.138603415505622     
   4.44605625000000        2.07589291666667      -0.133775767334554     
   4.44605625000000        2.37216333333333      -0.129038059176119     
   4.44605625000000        2.66843375000000      -0.125324743545115     
   4.44605625000000        2.96470416666667      -0.119589928895255     
   4.44605625000000        3.26097458333333      -0.114097746094161     
   4.44605625000000        3.55724500000000      -0.103936329010381     
   4.44605625000000        3.85351541666667      -0.101976381936992     
   4.44605625000000        4.14978583333333      -9.673455957702295E-002
   4.44605625000000        4.44605625000000      -9.218566517316917E-002
   4.44605625000000        4.74232666666667      -8.519899349267045E-002
   4.44605625000000        5.03859708333333      -7.890880963653432E-002
   4.44605625000000        5.33486750000000      -7.303199180032648E-002
   4.44605625000000        5.63113791666667      -6.766587629591957E-002
   4.44605625000000        5.92740833333333      -6.287653672581341E-002
   4.44605625000000        6.22367875000000      -5.858076243848871E-002
   4.44605625000000        6.51994916666667      -5.468202454564521E-002
   4.44605625000000        6.81621958333333      -5.109918948529035E-002
   4.44605625000000        7.11249000000000      -4.777482315376923E-002
   4.74232666666667       2.000000000000000E-003 -0.142179384806693     
   4.74232666666667       0.298270416666667      -0.141609030943949     
   4.74232666666667       0.594540833333333      -0.139966174480057     
   4.74232666666667       0.890811250000000      -0.137435217456155     
   4.74232666666667        1.18708166666667      -0.134243695225596     
   4.74232666666667        1.48335208333333      -0.130592793204422     
   4.74232666666667        1.77962250000000      -0.126624925058336     
   4.74232666666667        2.07589291666667      -0.122440973875713     
   4.74232666666667        2.37216333333333      -0.118110762567306     
   4.74232666666667        2.66843375000000      -0.114069352916977     
   4.74232666666667        2.96470416666667      -0.109512072066530     
   4.74232666666667        3.26097458333333      -0.104630081278495     
   4.74232666666667        3.55724500000000      -9.756490526693562E-002
   4.74232666666667        3.85351541666667      -9.473480869555465E-002
   4.74232666666667        4.14978583333333      -9.005243741945942E-002
   4.74232666666667        4.44605625000000      -8.519900382515641E-002
   4.74232666666667        4.74232666666667      -8.181491718274911E-002
   4.74232666666667        5.03859708333333      -7.423820735431158E-002
   4.74232666666667        5.33486750000000      -6.872061531898221E-002
   4.74232666666667        5.63113791666667      -6.378739600688869E-002
   4.74232666666667        5.92740833333333      -5.931518938886618E-002
   4.74232666666667        6.22367875000000      -5.524911695209957E-002
   4.74232666666667        6.51994916666667      -5.154221858285368E-002
   4.74232666666667        6.81621958333333      -4.815445744856253E-002
   4.74232666666667        7.11249000000000      -4.504636615086667E-002
   5.03859708333333       2.000000000000000E-003 -0.129297064933827     
   5.03859708333333       0.298270416666667      -0.128813181041416     
   5.03859708333333       0.594540833333333      -0.127411097746941     
   5.03859708333333       0.890811250000000      -0.125241500909998     
   5.03859708333333        1.18708166666667      -0.122494509503747     
   5.03859708333333        1.48335208333333      -0.119336613474234     
   5.03859708333333        1.77962250000000      -0.115866048915488     
   5.03859708333333        2.07589291666667      -0.111616564237653     
   5.03859708333333        2.37216333333333      -0.108482214051087     
   5.03859708333333        2.66843375000000      -0.104639914756526     
   5.03859708333333        2.96470416666667      -0.100531100286633     
   5.03859708333333        3.26097458333333      -9.627043405638022E-002
   5.03859708333333        3.55724500000000      -8.428033308558791E-002
   5.03859708333333        3.85351541666667      -8.767664819737891E-002
   5.03859708333333        4.14978583333333      -8.349190602061812E-002
   5.03859708333333        4.44605625000000      -7.890883700079628E-002
   5.03859708333333        4.74232666666667      -7.423821762000687E-002
   5.03859708333333        5.03859708333333      -6.941029341099217E-002
   5.03859708333333        5.33486750000000      -6.436923805293199E-002
   5.03859708333333        5.63113791666667      -5.985779603704966E-002
   5.03859708333333        5.92740833333333      -5.566633038872594E-002
   5.03859708333333        6.22367875000000      -5.179519124102019E-002
   5.03859708333333        6.51994916666667      -4.826182962873382E-002
   5.03859708333333        6.81621958333333      -4.507712977552670E-002
   5.03859708333333        7.11249000000000      -4.219927304742738E-002
   5.33486750000000       2.000000000000000E-003 -0.118091491118301     
   5.33486750000000       0.298270416666667      -0.117678631717693     
   5.33486750000000       0.594540833333333      -0.116466599961373     
   5.33486750000000       0.890811250000000      -0.114567625497744     
   5.33486750000000        1.18708166666667      -0.112143822510043     
   5.33486750000000        1.48335208333333      -0.109356243933848     
   5.33486750000000        1.77962250000000      -0.106301699753669     
   5.33486750000000        2.07589291666667      -0.103062300927985     
   5.33486750000000        2.37216333333333      -9.973072510322571E-002
   5.33486750000000        2.66843375000000      -9.620637093506355E-002
   5.33486750000000        2.96470416666667      -9.257417748137112E-002
   5.33486750000000        3.26097458333333      -8.879239508223934E-002
   5.33486750000000        3.55724500000000      -8.399849184826323E-002
   5.33486750000000        3.85351541666667      -8.105760757446326E-002
   5.33486750000000        4.14978583333333      -7.719383099201574E-002
   5.33486750000000        4.44605625000000      -7.303202292148217E-002
   5.33486750000000        4.74232666666667      -6.872062774239457E-002
   5.33486750000000        5.03859708333333      -6.436923986971829E-002
   5.33486750000000        5.33486750000000      -6.006677637890320E-002
   5.33486750000000        5.63113791666667      -5.589804899510589E-002
   5.33486750000000        5.92740833333333      -5.190722617472574E-002
   5.33486750000000        6.22367875000000      -4.820742455479339E-002
   5.33486750000000        6.51994916666667      -4.485706606982980E-002
   5.33486750000000        6.81621958333333      -4.187049437712075E-002
   5.33486750000000        7.11249000000000      -3.921622866747660E-002
   5.63113791666667       2.000000000000000E-003 -0.108303537794146     
   5.63113791666667       0.298270416666667      -0.107946741103703     
   5.63113791666667       0.594540833333333      -0.106869103546101     
   5.63113791666667       0.890811250000000      -0.105149855067059     
   5.63113791666667        1.18708166666667      -0.102951335624695     
   5.63113791666667        1.48335208333333      -0.100440287145893     
   5.63113791666667        1.77962250000000      -9.771828443966171E-002
   5.63113791666667        2.07589291666667      -9.483774356867843E-002
   5.63113791666667        2.37216333333333      -9.183049176154603E-002
   5.63113791666667        2.66843375000000      -8.869296945011818E-002
   5.63113791666667        2.96470416666667      -8.546725865829004E-002
   5.63113791666667        3.26097458333333      -8.208706045454459E-002
   5.63113791666667        3.55724500000000      -7.793759745124787E-002
   5.63113791666667        3.85351541666667      -7.505596673413069E-002
   5.63113791666667        4.14978583333333      -7.144588209275696E-002
   5.63113791666667        4.44605625000000      -6.766589545362896E-002
   5.63113791666667        4.74232666666667      -6.378740203639054E-002
   5.63113791666667        5.03859708333333      -5.985779347751886E-002
   5.63113791666667        5.33486750000000      -5.589804621209054E-002
   5.63113791666667        5.63113791666667      -5.194125281415338E-002
   5.63113791666667        5.92740833333333      -4.812939042932925E-002
   5.63113791666667        6.22367875000000      -4.456907931890076E-002
   5.63113791666667        6.51994916666667      -4.135021373029997E-002
   5.63113791666667        6.81621958333333      -3.851698924683845E-002
   5.63113791666667        7.11249000000000      -3.604844762799799E-002
   5.92740833333333       2.000000000000000E-003 -9.972078438373155E-002
   5.92740833333333       0.298270416666667      -9.941163093057999E-002
   5.92740833333333       0.594540833333333      -9.840098079385295E-002
   5.92740833333333       0.890811250000000      -9.674549991751043E-002
   5.92740833333333        1.18708166666667      -9.467843386294179E-002
   5.92740833333333        1.48335208333333      -9.238816314872700E-002
   5.92740833333333        1.77962250000000      -8.995619636481975E-002
   5.92740833333333        2.07589291666667      -8.739723163958146E-002
   5.92740833333333        2.37216333333333      -8.472513857282747E-002
   5.92740833333333        2.66843375000000      -8.195623010857053E-002
   5.92740833333333        2.96470416666667      -7.908825712487154E-002
   5.92740833333333        3.26097458333333      -7.608604891884561E-002
   5.92740833333333        3.55724500000000      -7.293529140306351E-002
   5.92740833333333        3.85351541666667      -6.970388801661394E-002
   5.92740833333333        4.14978583333333      -6.634797513800891E-002
   5.92740833333333        4.44605625000000      -6.287654392496275E-002
   5.92740833333333        4.74232666666667      -5.931518565106443E-002
   5.92740833333333        5.03859708333333      -5.566632206007527E-002
   5.92740833333333        5.33486750000000      -5.190722347401189E-002
   5.92740833333333        5.63113791666667      -4.812939270848893E-002
   5.92740833333333        5.92740833333333      -4.443591866354490E-002
   5.92740833333333        6.22367875000000      -4.092763532716528E-002
   5.92740833333333        6.51994916666667      -3.773626744019151E-002
   5.92740833333333        6.81621958333333      -3.496606977654571E-002
   5.92740833333333        7.11249000000000      -3.261495124193996E-002
   6.22367875000000       2.000000000000000E-003 -9.214018254917324E-002
   6.22367875000000       0.298270416666667      -9.187692868552538E-002
   6.22367875000000       0.594540833333333      -9.080056562316610E-002
   6.22367875000000       0.890811250000000      -8.905052477009334E-002
   6.22367875000000        1.18708166666667      -8.706136799431369E-002
   6.22367875000000        1.48335208333333      -8.500570919232230E-002
   6.22367875000000        1.77962250000000      -8.288762032147949E-002
   6.22367875000000        2.07589291666667      -8.066684959487043E-002
   6.22367875000000        2.37216333333333      -7.833125314969533E-002
   6.22367875000000        2.66843375000000      -7.590148480593738E-002
   6.22367875000000        2.96470416666667      -7.337018239194289E-002
   6.22367875000000        3.26097458333333      -7.070675657573719E-002
   6.22367875000000        3.55724500000000      -6.788861532136203E-002
   6.22367875000000        3.85351541666667      -6.491808730663051E-002
   6.22367875000000        4.14978583333333      -6.180834993758803E-002
   6.22367875000000        4.44605625000000      -5.858075458074734E-002
   6.22367875000000        4.74232666666667      -5.524910184597037E-002
   6.22367875000000        5.03859708333333      -5.179517932935976E-002
   6.22367875000000        5.33486750000000      -4.820742535573995E-002
   6.22367875000000        5.63113791666667      -4.456909020443040E-002
   6.22367875000000        5.92740833333333      -4.092765060697563E-002
   6.22367875000000        6.22367875000000      -3.736882559932771E-002
   6.22367875000000        6.51994916666667      -3.405873983611899E-002
   6.22367875000000        6.81621958333333      -3.119213179816624E-002
   6.22367875000000        7.11249000000000      -2.883724023086195E-002
   6.51994916666667       2.000000000000000E-003 -8.526897352338343E-002
   6.51994916666667       0.298270416666667      -8.501993208951636E-002
   6.51994916666667       0.594540833333333      -8.355269535028645E-002
   6.51994916666667       0.890811250000000      -8.162118618564533E-002
   6.51994916666667        1.18708166666667      -7.983514776080516E-002
   6.51994916666667        1.48335208333333      -7.813385863793985E-002
   6.51994916666667        1.77962250000000      -7.639120412471338E-002
   6.51994916666667        2.07589291666667      -7.453834167950195E-002
   6.51994916666667        2.37216333333333      -7.254374973330963E-002
   6.51994916666667        2.66843375000000      -7.043504226654730E-002
   6.51994916666667        2.96470416666667      -6.821449382111691E-002
   6.51994916666667        3.26097458333333      -6.585095830777031E-002
   6.51994916666667        3.55724500000000      -6.331251404905165E-002
   6.51994916666667        3.85351541666667      -6.059075504470610E-002
   6.51994916666667        4.14978583333333      -5.770390525934128E-002
   6.51994916666667        4.44605625000000      -5.468199929205587E-002
   6.51994916666667        4.74232666666667      -5.154219216560936E-002
   6.51994916666667        5.03859708333333      -4.826181645107015E-002
   6.51994916666667        5.33486750000000      -4.485707036640094E-002
   6.51994916666667        5.63113791666667      -4.135023864723039E-002
   6.51994916666667        5.92740833333333      -3.773631715253931E-002
   6.51994916666667        6.22367875000000      -3.405879969926458E-002
   6.51994916666667        6.51994916666667      -3.047221182651103E-002
   6.51994916666667        6.81621958333333      -2.730462874588515E-002
   6.51994916666667        7.11249000000000      -2.483614023873216E-002
   6.81621958333333       2.000000000000000E-003 -7.850878033732474E-002
   6.81621958333333       0.298270416666667      -7.791472714568830E-002
   6.81621958333333       0.594540833333333      -7.577621700053665E-002
   6.81621958333333       0.890811250000000      -7.416544200899433E-002
   6.81621958333333        1.18708166666667      -7.295889007507204E-002
   6.81621958333333        1.48335208333333      -7.174937212117057E-002
   6.81621958333333        1.77962250000000      -7.040949205046519E-002
   6.81621958333333        2.07589291666667      -6.891403171946903E-002
   6.81621958333333        2.37216333333333      -6.724146934708584E-002
   6.81621958333333        2.66843375000000      -6.542484638875656E-002
   6.81621958333333        2.96470416666667      -6.348135904123101E-002
   6.81621958333333        3.26097458333333      -6.138238944204071E-002
   6.81621958333333        3.55724500000000      -5.909218242887296E-002
   6.81621958333333        3.85351541666667      -5.659876972357744E-002
   6.81621958333333        4.14978583333333      -5.392224035397189E-002
   6.81621958333333        4.44605625000000      -5.109915021015671E-002
   6.81621958333333        4.74232666666667      -4.815442295515301E-002
   6.81621958333333        5.03859708333333      -4.507711451605206E-002
   6.81621958333333        5.33486750000000      -4.187050010154859E-002
   6.81621958333333        5.63113791666667      -3.851702886899176E-002
   6.81621958333333        5.92740833333333      -3.496616420060044E-002
   6.81621958333333        6.22367875000000      -3.119229134407552E-002
   6.81621958333333        6.51994916666667      -2.730479764372727E-002
   6.81621958333333        6.81621958333333      -2.371739767896720E-002
   6.81621958333333        7.11249000000000      -2.132513572060854E-002
   7.11249000000000       2.000000000000000E-003 -7.164060684476074E-002
   7.11249000000000       0.298270416666667      -7.035548651698650E-002
   7.11249000000000       0.594540833333333      -6.843098702766669E-002
   7.11249000000000       0.890811250000000      -6.754256883091816E-002
   7.11249000000000        1.18708166666667      -6.686315681036935E-002
   7.11249000000000        1.48335208333333      -6.601240115090343E-002
   7.11249000000000        1.77962250000000      -6.496296061210875E-002
   7.11249000000000        2.07589291666667      -6.373321235054644E-002
   7.11249000000000        2.37216333333333      -6.232519214100250E-002
   7.11249000000000        2.66843375000000      -6.075465041487177E-002
   7.11249000000000        2.96470416666667      -5.904910739136778E-002
   7.11249000000000        3.26097458333333      -5.718306867825632E-002
   7.11249000000000        3.55724500000000      -5.512024362010527E-002
   7.11249000000000        3.85351541666667      -5.284750469268705E-002
   7.11249000000000        4.14978583333333      -5.038568798850404E-002
   7.11249000000000        4.44605625000000      -4.777477995782464E-002
   7.11249000000000        4.74232666666667      -4.504633087412527E-002
   7.11249000000000        5.03859708333333      -4.219925761046593E-002
   7.11249000000000        5.33486750000000      -3.921623395165157E-002
   7.11249000000000        5.63113791666667      -3.604849374568424E-002
   7.11249000000000        5.92740833333333      -3.261506905001659E-002
   7.11249000000000        6.22367875000000      -2.883745438543565E-002
   7.11249000000000        6.51994916666667      -2.483641397004007E-002
   7.11249000000000        6.81621958333333      -2.132528766347780E-002
   7.11249000000000        7.11249000000000      -1.904148794878781E-002
