  2.000000000000000E-003  2.000000000000000E-003 -0.180014978195876     
  2.000000000000000E-003  0.298270416666667      -0.190462090011330     
  2.000000000000000E-003  0.594540833333333      -0.196011333715009     
  2.000000000000000E-003  0.890811250000000      -0.195827490780445     
  2.000000000000000E-003   1.18708166666667      -0.194113072403048     
  2.000000000000000E-003   1.48335208333333      -0.192132376716150     
  2.000000000000000E-003   1.77962250000000      -0.189852389569052     
  2.000000000000000E-003   2.07589291666667      -0.187109705370875     
  2.000000000000000E-003   2.37216333333333      -0.183803406982283     
  2.000000000000000E-003   2.66843375000000      -0.179881598956199     
  2.000000000000000E-003   2.96470416666667      -0.175171860804182     
  2.000000000000000E-003   3.26097458333333      -0.169575822600596     
  2.000000000000000E-003   3.55724500000000      -0.163057557385520     
  2.000000000000000E-003   3.85351541666667      -0.155696409394008     
  2.000000000000000E-003   4.14978583333333      -0.147745554892142     
  2.000000000000000E-003   4.44605625000000      -0.139575186211480     
  2.000000000000000E-003   4.74232666666667      -0.131574381161501     
  2.000000000000000E-003   5.03859708333333      -0.124070239739697     
  2.000000000000000E-003   5.33486750000000      -0.117280919116472     
  2.000000000000000E-003   5.63113791666667      -0.111380093883008     
  2.000000000000000E-003   5.92740833333333      -0.106530040827325     
  2.000000000000000E-003   6.22367875000000      -0.102700441120794     
  2.000000000000000E-003   6.51994916666667      -9.888153825145742E-002
  2.000000000000000E-003   6.81621958333333      -9.207573537527722E-002
  2.000000000000000E-003   7.11249000000000      -8.392847843982981E-002
  0.298270416666667       2.000000000000000E-003 -0.198165153019383     
  0.298270416666667       0.298270416666667      -0.199265979804455     
  0.298270416666667       0.594540833333333      -0.202795494456537     
  0.298270416666667       0.890811250000000      -0.207151847655176     
  0.298270416666667        1.18708166666667      -0.209472863478717     
  0.298270416666667        1.48335208333333      -0.210033192172704     
  0.298270416666667        1.77962250000000      -0.209111092062050     
  0.298270416666667        2.07589291666667      -0.206888015498563     
  0.298270416666667        2.37216333333333      -0.203493156010387     
  0.298270416666667        2.66843375000000      -0.198959072026003     
  0.298270416666667        2.96470416666667      -0.193278924043752     
  0.298270416666667        3.26097458333333      -0.186449641997483     
  0.298270416666667        3.55724500000000      -0.178510826389019     
  0.298270416666667        3.85351541666667      -0.169625950630610     
  0.298270416666667        4.14978583333333      -0.160132705459514     
  0.298270416666667        4.44605625000000      -0.150477304428737     
  0.298270416666667        4.74232666666667      -0.141095375234867     
  0.298270416666667        5.03859708333333      -0.132311059984995     
  0.298270416666667        5.33486750000000      -0.124209313238635     
  0.298270416666667        5.63113791666667      -0.116858579064987     
  0.298270416666667        5.92740833333333      -0.110337880480622     
  0.298270416666667        6.22367875000000      -0.104599117902456     
  0.298270416666667        6.51994916666667      -9.928626566307575E-002
  0.298270416666667        6.81621958333333      -9.378335842855820E-002
  0.298270416666667        7.11249000000000      -8.471389003975302E-002
  0.594540833333333       2.000000000000000E-003 -0.215086603723507     
  0.594540833333333       0.298270416666667      -0.220986356690312     
  0.594540833333333       0.594540833333333      -0.220588277871724     
  0.594540833333333       0.890811250000000      -0.224572728601522     
  0.594540833333333        1.18708166666667      -0.229172267603818     
  0.594540833333333        1.48335208333333      -0.231849644288201     
  0.594540833333333        1.77962250000000      -0.232098292234072     
  0.594540833333333        2.07589291666667      -0.230149733821738     
  0.594540833333333        2.37216333333333      -0.226304821792703     
  0.594540833333333        2.66843375000000      -0.220738100553586     
  0.594540833333333        2.96470416666667      -0.213641138823899     
  0.594540833333333        3.26097458333333      -0.205134897195274     
  0.594540833333333        3.55724500000000      -0.195359302440549     
  0.594540833333333        3.85351541666667      -0.184585039342858     
  0.594540833333333        4.14978583333333      -0.173254386509841     
  0.594540833333333        4.44605625000000      -0.161905965695680     
  0.594540833333333        4.74232666666667      -0.151016838324331     
  0.594540833333333        5.03859708333333      -0.140900611481297     
  0.594540833333333        5.33486750000000      -0.131564128221288     
  0.594540833333333        5.63113791666667      -0.123019905655243     
  0.594540833333333        5.92740833333333      -0.115462820647745     
  0.594540833333333        6.22367875000000      -0.109134098702603     
  0.594540833333333        6.51994916666667      -0.103848381610545     
  0.594540833333333        6.81621958333333      -9.684525627665211E-002
  0.594540833333333        7.11249000000000      -8.429335133895877E-002
  0.890811250000000       2.000000000000000E-003 -0.229595660552226     
  0.890811250000000       0.298270416666667      -0.240545748549096     
  0.890811250000000       0.594540833333333      -0.245273911552235     
  0.890811250000000       0.890811250000000      -0.250725433648334     
  0.890811250000000        1.18708166666667      -0.256552262704706     
  0.890811250000000        1.48335208333333      -0.260355242524298     
  0.890811250000000        1.77962250000000      -0.261047727464051     
  0.890811250000000        2.07589291666667      -0.258704296158870     
  0.890811250000000        2.37216333333333      -0.253646278969366     
  0.890811250000000        2.66843375000000      -0.246291399679628     
  0.890811250000000        2.96470416666667      -0.237047303696064     
  0.890811250000000        3.26097458333333      -0.226192890833059     
  0.890811250000000        3.55724500000000      -0.213985923414663     
  0.890811250000000        3.85351541666667      -0.200819191577475     
  0.890811250000000        4.14978583333333      -0.187236113385267     
  0.890811250000000        4.44605625000000      -0.173920301493948     
  0.890811250000000        4.74232666666667      -0.161396747376543     
  0.890811250000000        5.03859708333333      -0.149871083512876     
  0.890811250000000        5.33486750000000      -0.139348134981098     
  0.890811250000000        5.63113791666667      -0.129745282849164     
  0.890811250000000        5.92740833333333      -0.121313439910644     
  0.890811250000000        6.22367875000000      -0.114229852378415     
  0.890811250000000        6.51994916666667      -0.107780849497994     
  0.890811250000000        6.81621958333333      -9.945141045574278E-002
  0.890811250000000        7.11249000000000      -8.853441362949699E-002
   1.18708166666667       2.000000000000000E-003 -0.244982523240183     
   1.18708166666667       0.298270416666667      -0.260733846751442     
   1.18708166666667       0.594540833333333      -0.272710786092207     
   1.18708166666667       0.890811250000000      -0.283073963253893     
   1.18708166666667        1.18708166666667      -0.291674259910292     
   1.18708166666667        1.48335208333333      -0.296905780412983     
   1.18708166666667        1.77962250000000      -0.297815977355757     
   1.18708166666667        2.07589291666667      -0.294445342143949     
   1.18708166666667        2.37216333333333      -0.287238209271055     
   1.18708166666667        2.66843375000000      -0.277054412651293     
   1.18708166666667        2.96470416666667      -0.264634490902553     
   1.18708166666667        3.26097458333333      -0.250509181334911     
   1.18708166666667        3.55724500000000      -0.234968499048105     
   1.18708166666667        3.85351541666667      -0.218862365136460     
   1.18708166666667        4.14978583333333      -0.202362278433910     
   1.18708166666667        4.44605625000000      -0.186611141261709     
   1.18708166666667        4.74232666666667      -0.172322361669945     
   1.18708166666667        5.03859708333333      -0.159275517602868     
   1.18708166666667        5.33486750000000      -0.147374080170662     
   1.18708166666667        5.63113791666667      -0.136540255424581     
   1.18708166666667        5.92740833333333      -0.126926456142887     
   1.18708166666667        6.22367875000000      -0.118610525037973     
   1.18708166666667        6.51994916666667      -0.110926032103878     
   1.18708166666667        6.81621958333333      -0.102484259496463     
   1.18708166666667        7.11249000000000      -9.321431795616850E-002
   1.48335208333333       2.000000000000000E-003 -0.262415301685997     
   1.48335208333333       0.298270416666667      -0.283778974192860     
   1.48335208333333       0.594540833333333      -0.303452539159691     
   1.48335208333333       0.890811250000000      -0.320757070631062     
   1.48335208333333        1.18708166666667      -0.334225533477673     
   1.48335208333333        1.48335208333333      -0.342251487596395     
   1.48335208333333        1.77962250000000      -0.344104257167260     
   1.48335208333333        2.07589291666667      -0.339526837118059     
   1.48335208333333        2.37216333333333      -0.329029099219325     
   1.48335208333333        2.66843375000000      -0.314607889128038     
   1.48335208333333        2.96470416666667      -0.297660569399704     
   1.48335208333333        3.26097458333333      -0.279410586480834     
   1.48335208333333        3.55724500000000      -0.255856212962779     
   1.48335208333333        3.85351541666667      -0.239938208392787     
   1.48335208333333        4.14978583333333      -0.219245857877435     
   1.48335208333333        4.44605625000000      -0.200203817550620     
   1.48335208333333        4.74232666666667      -0.184079603236019     
   1.48335208333333        5.03859708333333      -0.169221940132899     
   1.48335208333333        5.33486750000000      -0.155539426050467     
   1.48335208333333        5.63113791666667      -0.143109343449258     
   1.48335208333333        5.92740833333333      -0.131959011152540     
   1.48335208333333        6.22367875000000      -0.122227260544077     
   1.48335208333333        6.51994916666667      -0.113545669661347     
   1.48335208333333        6.81621958333333      -0.105163166294582     
   1.48335208333333        7.11249000000000      -9.677428532768936E-002
   1.77962250000000       2.000000000000000E-003 -0.281789378843519     
   1.77962250000000       0.298270416666667      -0.309903660565069     
   1.77962250000000       0.594540833333333      -0.338095878887219     
   1.77962250000000       0.890811250000000      -0.363846831076690     
   1.77962250000000        1.18708166666667      -0.384319197831023     
   1.77962250000000        1.48335208333333      -0.397305331892305     
   1.77962250000000        1.77962250000000      -0.402087980728086     
   1.77962250000000        2.07589291666667      -0.397907654178303     
   1.77962250000000        2.37216333333333      -0.381653628474065     
   1.77962250000000        2.66843375000000      -0.359846351139168     
   1.77962250000000        2.96470416666667      -0.336699373072124     
   1.77962250000000        3.26097458333333      -0.314690185133982     
   1.77962250000000        3.55724500000000      -0.292875820794558     
   1.77962250000000        3.85351541666667      -0.266420476873570     
   1.77962250000000        4.14978583333333      -0.239761070834653     
   1.77962250000000        4.44605625000000      -0.216758203691197     
   1.77962250000000        4.74232666666667      -0.197588897971280     
   1.77962250000000        5.03859708333333      -0.179535123316852     
   1.77962250000000        5.33486750000000      -0.163911729284628     
   1.77962250000000        5.63113791666667      -0.149450690962641     
   1.77962250000000        5.92740833333333      -0.136389021421693     
   1.77962250000000        6.22367875000000      -0.125139399003412     
   1.77962250000000        6.51994916666667      -0.115591726088557     
   1.77962250000000        6.81621958333333      -0.107163350562216     
   1.77962250000000        7.11249000000000      -9.923442040981777E-002
   2.07589291666667       2.000000000000000E-003 -0.302669841664731     
   2.07589291666667       0.298270416666667      -0.338560547632855     
   2.07589291666667       0.594540833333333      -0.376386884403370     
   2.07589291666667       0.890811250000000      -0.412186615904423     
   2.07589291666667        1.18708166666667      -0.442046282558809     
   2.07589291666667        1.48335208333333      -0.462660577324178     
   2.07589291666667        1.77962250000000      -0.473056549932002     
   2.07589291666667        2.07589291666667      -0.506697548076315     
   2.07589291666667        2.37216333333333      -0.450893780040173     
   2.07589291666667        2.66843375000000      -0.415004995339891     
   2.07589291666667        2.96470416666667      -0.382561423684715     
   2.07589291666667        3.26097458333333      -0.358124944910509     
   2.07589291666667        3.55724500000000      -0.378920898589185     
   2.07589291666667        3.85351541666667      -0.300848650066557     
   2.07589291666667        4.14978583333333      -0.266730675613026     
   2.07589291666667        4.44605625000000      -0.239283991475087     
   2.07589291666667        4.74232666666667      -0.213678888639280     
   2.07589291666667        5.03859708333333      -0.179181075873673     
   2.07589291666667        5.33486750000000      -0.173033987934755     
   2.07589291666667        5.63113791666667      -0.155866464421138     
   2.07589291666667        5.92740833333333      -0.140315561925683     
   2.07589291666667        6.22367875000000      -0.127348026291347     
   2.07589291666667        6.51994916666667      -0.116938183842729     
   2.07589291666667        6.81621958333333      -0.108392975841693     
   2.07589291666667        7.11249000000000      -0.100792550711802     
   2.37216333333333       2.000000000000000E-003 -0.324467229972531     
   2.37216333333333       0.298270416666667      -0.368984117162397     
   2.37216333333333       0.594540833333333      -0.417161699119334     
   2.37216333333333       0.890811250000000      -0.464209810046435     
   2.37216333333333        1.18708166666667      -0.505749111700744     
   2.37216333333333        1.48335208333333      -0.538515119482087     
   2.37216333333333        1.77962250000000      -0.556384997302908     
   2.37216333333333        2.07589291666667      -0.556139409484030     
   2.37216333333333        2.37216333333333      -0.566054696240623     
   2.37216333333333        2.66843375000000      -0.484791024604566     
   2.37216333333333        2.96470416666667      -0.439030472111459     
   2.37216333333333        3.26097458333333      -0.412282458027159     
   2.37216333333333        3.55724500000000      -0.419466582009930     
   2.37216333333333        3.85351541666667      -0.345774900733858     
   2.37216333333333        4.14978583333333      -0.303015105063513     
   2.37216333333333        4.44605625000000      -0.269471814254000     
   2.37216333333333        4.74232666666667      -0.227030052177469     
   2.37216333333333        5.03859708333333      -0.210016627277873     
   2.37216333333333        5.33486750000000      -0.184750199464435     
   2.37216333333333        5.63113791666667      -0.162231118864836     
   2.37216333333333        5.92740833333333      -0.143818519961346     
   2.37216333333333        6.22367875000000      -0.129029004958463     
   2.37216333333333        6.51994916666667      -0.117651115476975     
   2.37216333333333        6.81621958333333      -0.108925705644471     
   2.37216333333333        7.11249000000000      -0.101595674245087     
   2.66843375000000       2.000000000000000E-003 -0.345595997399379     
   2.66843375000000       0.298270416666667      -0.398562112490140     
   2.66843375000000       0.594540833333333      -0.456730123100276     
   2.66843375000000       0.890811250000000      -0.514903068574253     
   2.66843375000000        1.18708166666667      -0.569679227585299     
   2.66843375000000        1.48335208333333      -0.621695133455828     
   2.66843375000000        1.77962250000000      -0.660366918878321     
   2.66843375000000        2.07589291666667      -0.661077261863913     
   2.66843375000000        2.37216333333333      -0.626925195484444     
   2.66843375000000        2.66843375000000      -0.578246651710186     
   2.66843375000000        2.96470416666667      -0.506901775667759     
   2.66843375000000        3.26097458333333      -0.478120879016988     
   2.66843375000000        3.55724500000000      -0.579398118900612     
   2.66843375000000        3.85351541666667      -0.402951968349107     
   2.66843375000000        4.14978583333333      -0.354562900809476     
   2.66843375000000        4.44605625000000      -0.301171589312803     
   2.66843375000000        4.74232666666667      -0.280100708054176     
   2.66843375000000        5.03859708333333      -0.237997421131501     
   2.66843375000000        5.33486750000000      -0.197819201534299     
   2.66843375000000        5.63113791666667      -0.168302535933209     
   2.66843375000000        5.92740833333333      -0.146900343008601     
   2.66843375000000        6.22367875000000      -0.130232104017656     
   2.66843375000000        6.51994916666667      -0.117941625455908     
   2.66843375000000        6.81621958333333      -0.109062495633470     
   2.66843375000000        7.11249000000000      -0.102009489169129     
   2.96470416666667       2.000000000000000E-003 -0.363187764357818     
   2.96470416666667       0.298270416666667      -0.423286126787927     
   2.96470416666667       0.594540833333333      -0.489981908136212     
   2.96470416666667       0.890811250000000      -0.558179083618477     
   2.96470416666667        1.18708166666667      -0.625164403497312     
   2.96470416666667        1.48335208333333      -0.691005997879813     
   2.96470416666667        1.77962250000000      -0.749372141243028     
   2.96470416666667        2.07589291666667      -0.780999014795155     
   2.96470416666667        2.37216333333333      -0.760450503880717     
   2.96470416666667        2.66843375000000      -0.680959126860149     
   2.96470416666667        2.96470416666667      -0.549866521849051     
   2.96470416666667        3.26097458333333      -0.545646422254143     
   2.96470416666667        3.55724500000000      -0.631490237007708     
   2.96470416666667        3.85351541666667      -0.475191844448804     
   2.96470416666667        4.14978583333333      -0.419943875493911     
   2.96470416666667        4.44605625000000      -0.412031615195866     
   2.96470416666667        4.74232666666667      -0.349317554788438     
   2.96470416666667        5.03859708333333      -0.274663132354272     
   2.96470416666667        5.33486750000000      -0.215415570495084     
   2.96470416666667        5.63113791666667      -0.175991125806408     
   2.96470416666667        5.92740833333333      -0.149625839056658     
   2.96470416666667        6.22367875000000      -0.130939697521002     
   2.96470416666667        6.51994916666667      -0.117877424135764     
   2.96470416666667        6.81621958333333      -0.108904503976547     
   2.96470416666667        7.11249000000000      -0.102117921852265     
   3.26097458333333       2.000000000000000E-003 -0.374849215388293     
   3.26097458333333       0.298270416666667      -0.439742789264918     
   3.26097458333333       0.594540833333333      -0.512415981888786     
   3.26097458333333       0.890811250000000      -0.588900271685407     
   3.26097458333333        1.18708166666667      -0.671116982028195     
   3.26097458333333        1.48335208333333      -0.760350853259809     
   3.26097458333333        1.77962250000000      -0.828281858620213     
   3.26097458333333        2.07589291666667      -0.862735617466528     
   3.26097458333333        2.37216333333333      -0.860853788010930     
   3.26097458333333        2.66843375000000      -0.815843248886079     
   3.26097458333333        2.96470416666667      -0.718217085306525     
   3.26097458333333        3.26097458333333      -0.576380240752932     
   3.26097458333333        3.55724500000000      -0.631222596659820     
   3.26097458333333        3.85351541666667      -0.570304529824022     
   3.26097458333333        4.14978583333333      -0.645066043593212     
   3.26097458333333        4.44605625000000      -0.555185025264115     
   3.26097458333333        4.74232666666667      -0.422336766654336     
   3.26097458333333        5.03859708333333      -0.311328956132197     
   3.26097458333333        5.33486750000000      -0.230442932163137     
   3.26097458333333        5.63113791666667      -0.178633779048147     
   3.26097458333333        5.92740833333333      -0.149919312885389     
   3.26097458333333        6.22367875000000      -0.130978428320199     
   3.26097458333333        6.51994916666667      -0.117640164715682     
   3.26097458333333        6.81621958333333      -0.108656219789761     
   3.26097458333333        7.11249000000000      -0.102068504745182     
   3.55724500000000       2.000000000000000E-003 -0.378942850221266     
   3.55724500000000       0.298270416666667      -0.445531112827397     
   3.55724500000000       0.594540833333333      -0.520423023853046     
   3.55724500000000       0.890811250000000      -0.600809531432294     
   3.55724500000000        1.18708166666667      -0.700876131755797     
   3.55724500000000        1.48335208333333       -1.21408060201754     
   3.55724500000000        1.77962250000000       -1.20584609597626     
   3.55724500000000        2.07589291666667       -2.86655050144752     
   3.55724500000000        2.37216333333333       -1.28798838687291     
   3.55724500000000        2.66843375000000       -1.39343351516855     
   3.55724500000000        2.96470416666667       -1.02025056009412     
   3.55724500000000        3.26097458333333       -1.00537230018864     
   3.55724500000000        3.55724500000000      -0.629696054475504     
   3.55724500000000        3.85351541666667       -1.00709377268008     
   3.55724500000000        4.14978583333333       -1.15603633297978     
   3.55724500000000        4.44605625000000       -1.17945681875634     
   3.55724500000000        4.74232666666667      -0.637040823478481     
   3.55724500000000        5.03859708333333      -0.599783128699250     
   3.55724500000000        5.33486750000000      -0.212521122932877     
   3.55724500000000        5.63113791666667      -8.377143016825569E-002
   3.55724500000000        5.92740833333333      -0.146811668107645     
   3.55724500000000        6.22367875000000      -0.130735274868782     
   3.55724500000000        6.51994916666667      -0.117504780457527     
   3.55724500000000        6.81621958333333      -0.108541223523922     
   3.55724500000000        7.11249000000000      -0.102028635156724     
   3.85351541666667       2.000000000000000E-003 -0.374848955521364     
   3.85351541666667       0.298270416666667      -0.439740279192748     
   3.85351541666667       0.594540833333333      -0.512411106568821     
   3.85351541666667       0.890811250000000      -0.588892220741600     
   3.85351541666667        1.18708166666667      -0.671105281879682     
   3.85351541666667        1.48335208333333      -0.760331917378151     
   3.85351541666667        1.77962250000000      -0.828247255176862     
   3.85351541666667        2.07589291666667      -0.862673211137604     
   3.85351541666667        2.37216333333333      -0.860745287906609     
   3.85351541666667        2.66843375000000      -0.815665566725375     
   3.85351541666667        2.96470416666667      -0.717993986634612     
   3.85351541666667        3.26097458333333      -0.576240690960056     
   3.85351541666667        3.55724500000000      -0.630750509835943     
   3.85351541666667        3.85351541666667      -0.570442417321027     
   3.85351541666667        4.14978583333333      -0.645316035912409     
   3.85351541666667        4.44605625000000      -0.555374328068225     
   3.85351541666667        4.74232666666667      -0.422430430642157     
   3.85351541666667        5.03859708333333      -0.311368120714444     
   3.85351541666667        5.33486750000000      -0.230454424542483     
   3.85351541666667        5.63113791666667      -0.178633674359306     
   3.85351541666667        5.92740833333333      -0.149916855116239     
   3.85351541666667        6.22367875000000      -0.130978132335421     
   3.85351541666667        6.51994916666667      -0.117644042788403     
   3.85351541666667        6.81621958333333      -0.108664240444635     
   3.85351541666667        7.11249000000000      -0.102079100320161     
   4.14978583333333       2.000000000000000E-003 -0.363189733174630     
   4.14978583333333       0.298270416666667      -0.423283657836048     
   4.14978583333333       0.594540833333333      -0.489974814779174     
   4.14978583333333       0.890811250000000      -0.558166515191599     
   4.14978583333333        1.18708166666667      -0.625144126441810     
   4.14978583333333        1.48335208333333      -0.690971242430463     
   4.14978583333333        1.77962250000000      -0.749310138310719     
   4.14978583333333        2.07589291666667      -0.780896537316631     
   4.14978583333333        2.37216333333333      -0.760312729927208     
   4.14978583333333        2.66843375000000      -0.680813878280767     
   4.14978583333333        2.96470416666667      -0.549664611386080     
   4.14978583333333        3.26097458333333      -0.545595085661160     
   4.14978583333333        3.55724500000000      -0.631148829726404     
   4.14978583333333        3.85351541666667      -0.474992144167006     
   4.14978583333333        4.14978583333333      -0.420085937924159     
   4.14978583333333        4.44605625000000      -0.412162039415109     
   4.14978583333333        4.74232666666667      -0.349424074433215     
   4.14978583333333        5.03859708333333      -0.274715709815232     
   4.14978583333333        5.33486750000000      -0.215429405751066     
   4.14978583333333        5.63113791666667      -0.175989067482803     
   4.14978583333333        5.92740833333333      -0.149621804825441     
   4.14978583333333        6.22367875000000      -0.130940053664006     
   4.14978583333333        6.51994916666667      -0.117885082575280     
   4.14978583333333        6.81621958333333      -0.108919120747834     
   4.14978583333333        7.11249000000000      -0.102136373700554     
   4.44605625000000       2.000000000000000E-003 -0.345605007394447     
   4.44605625000000       0.298270416666667      -0.398564445504977     
   4.44605625000000       0.594540833333333      -0.456725382891598     
   4.44605625000000       0.890811250000000      -0.514891065501787     
   4.44605625000000        1.18708166666667      -0.569658536261038     
   4.44605625000000        1.48335208333333      -0.621661431780561     
   4.44605625000000        1.77962250000000      -0.660314098693221     
   4.44605625000000        2.07589291666667      -0.661007468218947     
   4.44605625000000        2.37216333333333      -0.626848833658312     
   4.44605625000000        2.66843375000000      -0.578135316170475     
   4.44605625000000        2.96470416666667      -0.506895614823266     
   4.44605625000000        3.26097458333333      -0.478135171560195     
   4.44605625000000        3.55724500000000      -0.578914175697104     
   4.44605625000000        3.85351541666667      -0.402794436481763     
   4.44605625000000        4.14978583333333      -0.354522977234425     
   4.44605625000000        4.44605625000000      -0.301247891333197     
   4.44605625000000        4.74232666666667      -0.280149988068719     
   4.44605625000000        5.03859708333333      -0.238027396750050     
   4.44605625000000        5.33486750000000      -0.197826016234542     
   4.44605625000000        5.63113791666667      -0.168298374551909     
   4.44605625000000        5.92740833333333      -0.146896940093505     
   4.44605625000000        6.22367875000000      -0.130235010239416     
   4.44605625000000        6.51994916666667      -0.117953024691382     
   4.44605625000000        6.81621958333333      -0.109081008493269     
   4.44605625000000        7.11249000000000      -0.102030708079545     
   4.74232666666667       2.000000000000000E-003 -0.324491605556595     
   4.74232666666667       0.298270416666667      -0.368998361226744     
   4.74232666666667       0.594540833333333      -0.417165159528535     
   4.74232666666667       0.890811250000000      -0.464203671228791     
   4.74232666666667        1.18708166666667      -0.505734477049882     
   4.74232666666667        1.48335208333333      -0.538492748233259     
   4.74232666666667        1.77962250000000      -0.556355726280153     
   4.74232666666667        2.07589291666667      -0.556104568482217     
   4.74232666666667        2.37216333333333      -0.565991551710737     
   4.74232666666667        2.66843375000000      -0.484801595577655     
   4.74232666666667        2.96470416666667      -0.439101211245876     
   4.74232666666667        3.26097458333333      -0.412343138575453     
   4.74232666666667        3.55724500000000      -0.419456995721706     
   4.74232666666667        3.85351541666667      -0.345728333130312     
   4.74232666666667        4.14978583333333      -0.302979249240365     
   4.74232666666667        4.44605625000000      -0.269481282134118     
   4.74232666666667        4.74232666666667      -0.227037341101166     
   4.74232666666667        5.03859708333333      -0.210027084310238     
   4.74232666666667        5.33486750000000      -0.184753314552730     
   4.74232666666667        5.63113791666667      -0.162229814715963     
   4.74232666666667        5.92740833333333      -0.143819640513891     
   4.74232666666667        6.22367875000000      -0.129036915881276     
   4.74232666666667        6.51994916666667      -0.117666245559902     
   4.74232666666667        6.81621958333333      -0.108944480398638     
   4.74232666666667        7.11249000000000      -0.101612448103358     
   5.03859708333333       2.000000000000000E-003 -0.302724403985713     
   5.03859708333333       0.298270416666667      -0.338597678756242     
   5.03859708333333       0.594540833333333      -0.376405812941700     
   5.03859708333333       0.890811250000000      -0.412190840459930     
   5.03859708333333        1.18708166666667      -0.442041508610021     
   5.03859708333333        1.48335208333333      -0.462651284834615     
   5.03859708333333        1.77962250000000      -0.473046540649678     
   5.03859708333333        2.07589291666667      -0.506676265135842     
   5.03859708333333        2.37216333333333      -0.450907408628886     
   5.03859708333333        2.66843375000000      -0.415060226238282     
   5.03859708333333        2.96470416666667      -0.382657939351736     
   5.03859708333333        3.26097458333333      -0.358215166271773     
   5.03859708333333        3.55724500000000      -0.379909524550378     
   5.03859708333333        3.85351541666667      -0.300879164421700     
   5.03859708333333        4.14978583333333      -0.266741310760789     
   5.03859708333333        4.44605625000000      -0.239300253105720     
   5.03859708333333        4.74232666666667      -0.213691385425152     
   5.03859708333333        5.03859708333333      -0.179162384892500     
   5.03859708333333        5.33486750000000      -0.173036728012079     
   5.03859708333333        5.63113791666667      -0.155870029243984     
   5.03859708333333        5.92740833333333      -0.140323726742479     
   5.03859708333333        6.22367875000000      -0.127363050764967     
   5.03859708333333        6.51994916666667      -0.116956820284473     
   5.03859708333333        6.81621958333333      -0.108406668282618     
   5.03859708333333        7.11249000000000      -0.100793543799472     
   5.33486750000000       2.000000000000000E-003 -0.281889273042653     
   5.33486750000000       0.298270416666667      -0.309971260497079     
   5.33486750000000       0.594540833333333      -0.338131233061024     
   5.33486750000000       0.890811250000000      -0.363862723806791     
   5.33486750000000        1.18708166666667      -0.384326277945121     
   5.33486750000000        1.48335208333333      -0.397309055644538     
   5.33486750000000        1.77962250000000      -0.402094328038694     
   5.33486750000000        2.07589291666667      -0.397923530690934     
   5.33486750000000        2.37216333333333      -0.381690433589386     
   5.33486750000000        2.66843375000000      -0.359915723601813     
   5.33486750000000        2.96470416666667      -0.336793118707792     
   5.33486750000000        3.26097458333333      -0.314791213934215     
   5.33486750000000        3.55724500000000      -0.293052406633062     
   5.33486750000000        3.85351541666667      -0.266490460005499     
   5.33486750000000        4.14978583333333      -0.239806483267797     
   5.33486750000000        4.44605625000000      -0.216791304493161     
   5.33486750000000        4.74232666666667      -0.197609125408652     
   5.33486750000000        5.03859708333333      -0.179544330755152     
   5.33486750000000        5.33486750000000      -0.163916993595922     
   5.33486750000000        5.63113791666667      -0.149457591335355     
   5.33486750000000        5.92740833333333      -0.136403029314789     
   5.33486750000000        6.22367875000000      -0.125162095607861     
   5.33486750000000        6.51994916666667      -0.115612718681216     
   5.33486750000000        6.81621958333333      -0.107163309962110     
   5.33486750000000        7.11249000000000      -9.920115167401050E-002
   5.63113791666667       2.000000000000000E-003 -0.262570259983030     
   5.63113791666667       0.298270416666667      -0.283873970365740     
   5.63113791666667       0.594540833333333      -0.303495586339013     
   5.63113791666667       0.890811250000000      -0.320778299622999     
   5.63113791666667        1.18708166666667      -0.334243905289391     
   5.63113791666667        1.48335208333333      -0.342270759658637     
   5.63113791666667        1.77962250000000      -0.344124995481022     
   5.63113791666667        2.07589291666667      -0.339555354229200     
   5.63113791666667        2.37216333333333      -0.329073061199983     
   5.63113791666667        2.66843375000000      -0.314673479167231     
   5.63113791666667        2.96470416666667      -0.297743553150211     
   5.63113791666667        3.26097458333333      -0.279506395874381     
   5.63113791666667        3.55724500000000      -0.256052566617295     
   5.63113791666667        3.85351541666667      -0.240018008406128     
   5.63113791666667        4.14978583333333      -0.219303150256556     
   5.63113791666667        4.44605625000000      -0.200243617318089     
   5.63113791666667        4.74232666666667      -0.184101923296648     
   5.63113791666667        5.03859708333333      -0.169230641133946     
   5.63113791666667        5.33486750000000      -0.155540371658811     
   5.63113791666667        5.63113791666667      -0.143110454084139     
   5.63113791666667        5.92740833333333      -0.131971454484930     
   5.63113791666667        6.22367875000000      -0.122254457046635     
   5.63113791666667        6.51994916666667      -0.113568715191542     
   5.63113791666667        6.81621958333333      -0.105142946448892     
   5.63113791666667        7.11249000000000      -9.668683987674424E-002
   5.92740833333333       2.000000000000000E-003 -0.245195929913738     
   5.92740833333333       0.298270416666667      -0.260842062210790     
   5.92740833333333       0.594540833333333      -0.272749658205361     
   5.92740833333333       0.890811250000000      -0.283103759585489     
   5.92740833333333        1.18708166666667      -0.291714153669657     
   5.92740833333333        1.48335208333333      -0.296948956281865     
   5.92740833333333        1.77962250000000      -0.297855137118193     
   5.92740833333333        2.07589291666667      -0.294483938674829     
   5.92740833333333        2.37216333333333      -0.287283933482172     
   5.92740833333333        2.66843375000000      -0.277112504577521     
   5.92740833333333        2.96470416666667      -0.264705492778680     
   5.92740833333333        3.26097458333333      -0.250590093021312     
   5.92740833333333        3.55724500000000      -0.235053195198400     
   5.92740833333333        3.85351541666667      -0.218934462399577     
   5.92740833333333        4.14978583333333      -0.202416889691005     
   5.92740833333333        4.44605625000000      -0.186646594376923     
   5.92740833333333        4.74232666666667      -0.172338111989665     
   5.92740833333333        5.03859708333333      -0.159273032348834     
   5.92740833333333        5.33486750000000      -0.147356152492169     
   5.92740833333333        5.63113791666667      -0.136517077066608     
   5.92740833333333        5.92740833333333      -0.126916734796944     
   5.92740833333333        6.22367875000000      -0.118627584720011     
   5.92740833333333        6.51994916666667      -0.110949555148623     
   5.92740833333333        6.81621958333333      -0.102442673093590     
   5.92740833333333        7.11249000000000      -9.305180745888177E-002
   6.22367875000000       2.000000000000000E-003 -0.229859289518630     
   6.22367875000000       0.298270416666667      -0.240637344671198     
   6.22367875000000       0.594540833333333      -0.245312910749713     
   6.22367875000000       0.890811250000000      -0.250800913491149     
   6.22367875000000        1.18708166666667      -0.256650050775829     
   6.22367875000000        1.48335208333333      -0.260444500486271     
   6.22367875000000        1.77962250000000      -0.261115193739998     
   6.22367875000000        2.07589291666667      -0.258755566617714     
   6.22367875000000        2.37216333333333      -0.253693593675361     
   6.22367875000000        2.66843375000000      -0.246342799911957     
   6.22367875000000        2.96470416666667      -0.237106380240664     
   6.22367875000000        3.26097458333333      -0.226258499908831     
   6.22367875000000        3.55724500000000      -0.214052623959693     
   6.22367875000000        3.85351541666667      -0.200878602911652     
   6.22367875000000        4.14978583333333      -0.187280813237963     
   6.22367875000000        4.44605625000000      -0.173945335180310     
   6.22367875000000        4.74232666666667      -0.161398941782113     
   6.22367875000000        5.03859708333333      -0.149847406993928     
   6.22367875000000        5.33486750000000      -0.139295556678989     
   6.22367875000000        5.63113791666667      -0.129672332788679     
   6.22367875000000        5.92740833333333      -0.121243632359087     
   6.22367875000000        6.22367875000000      -0.114196280971127     
   6.22367875000000        6.51994916666667      -0.107790359148064     
   6.22367875000000        6.81621958333333      -9.940159941612633E-002
   6.22367875000000        7.11249000000000      -8.828473817534054E-002
   6.51994916666667       2.000000000000000E-003 -0.215350109131957     
   6.51994916666667       0.298270416666667      -0.221034622664159     
   6.51994916666667       0.594540833333333      -0.220714636365004     
   6.51994916666667       0.890811250000000      -0.224791090327156     
   6.51994916666667        1.18708166666667      -0.229383709580291     
   6.51994916666667        1.48335208333333      -0.232009580766524     
   6.51994916666667        1.77962250000000      -0.232204211637448     
   6.51994916666667        2.07589291666667      -0.230217198718532     
   6.51994916666667        2.37216333333333      -0.226355155298725     
   6.51994916666667        2.66843375000000      -0.220783971163300     
   6.51994916666667        2.96470416666667      -0.213689156850953     
   6.51994916666667        3.26097458333333      -0.205186321124408     
   6.51994916666667        3.55724500000000      -0.195410912446186     
   6.51994916666667        3.85351541666667      -0.184630386896609     
   6.51994916666667        4.14978583333333      -0.173286188163188     
   6.51994916666667        4.44605625000000      -0.161917738806518     
   6.51994916666667        4.74232666666667      -0.151002641062661     
   6.51994916666667        5.03859708333333      -0.140851165775389     
   6.51994916666667        5.33486750000000      -0.131469583192919     
   6.51994916666667        5.63113791666667      -0.122880237038572     
   6.51994916666667        5.92740833333333      -0.115292079783137     
   6.51994916666667        6.22367875000000      -0.108975529881448     
   6.51994916666667        6.51994916666667      -0.103776764949085     
   6.51994916666667        6.81621958333333      -9.682133635295181E-002
   6.51994916666667        7.11249000000000      -8.401077341518585E-002
   6.81621958333333       2.000000000000000E-003 -0.198297028877604     
   6.81621958333333       0.298270416666667      -0.199394261978427     
   6.81621958333333       0.594540833333333      -0.203220831638945     
   6.81621958333333       0.890811250000000      -0.207597892791535     
   6.81621958333333        1.18708166666667      -0.209812394787203     
   6.81621958333333        1.48335208333333      -0.210261060886994     
   6.81621958333333        1.77962250000000      -0.209252177063322     
   6.81621958333333        2.07589291666667      -0.206971334934590     
   6.81621958333333        2.37216333333333      -0.203547658339072     
   6.81621958333333        2.66843375000000      -0.199001701333552     
   6.81621958333333        2.96470416666667      -0.193318546685536     
   6.81621958333333        3.26097458333333      -0.186489488757823     
   6.81621958333333        3.55724500000000      -0.178549531563825     
   6.81621958333333        3.85351541666667      -0.169658537538714     
   6.81621958333333        4.14978583333333      -0.160152532449582     
   6.81621958333333        4.44605625000000      -0.150477361413258     
   6.81621958333333        4.74232666666667      -0.141067780538829     
   6.81621958333333        5.03859708333333      -0.132242273641819     
   6.81621958333333        5.33486750000000      -0.124084090878297     
   6.81621958333333        5.63113791666667      -0.116667174320328     
   6.81621958333333        5.92740833333333      -0.110075183095590     
   6.81621958333333        6.22367875000000      -0.104279967718017     
   6.81621958333333        6.51994916666667      -9.900461311884549E-002
   6.81621958333333        6.81621958333333      -9.373671486509905E-002
   6.81621958333333        7.11249000000000      -8.460845108934197E-002
   7.11249000000000       2.000000000000000E-003 -0.180009784463242     
   7.11249000000000       0.298270416666667      -0.190791675876275     
   7.11249000000000       0.594540833333333      -0.196604708835824     
   7.11249000000000       0.890811250000000      -0.196349521193279     
   7.11249000000000        1.18708166666667      -0.194485778897349     
   7.11249000000000        1.48335208333333      -0.192378485357810     
   7.11249000000000        1.77962250000000      -0.190005982670640     
   7.11249000000000        2.07589291666667      -0.187201819562515     
   7.11249000000000        2.37216333333333      -0.183861928530423     
   7.11249000000000        2.66843375000000      -0.179924137816806     
   7.11249000000000        2.96470416666667      -0.175207702552341     
   7.11249000000000        3.26097458333333      -0.169609183643787     
   7.11249000000000        3.55724500000000      -0.163088303816299     
   7.11249000000000        3.85351541666667      -0.155720843695900     
   7.11249000000000        4.14978583333333      -0.147757905719613     
   7.11249000000000        4.44605625000000      -0.139568885082496     
   7.11249000000000        4.74232666666667      -0.131541396002890     
   7.11249000000000        5.03859708333333      -0.123996888906171     
   7.11249000000000        5.33486750000000      -0.117153709399059     
   7.11249000000000        5.63113791666667      -0.111188611376965     
   7.11249000000000        5.92740833333333      -0.106266333928496     
   7.11249000000000        6.22367875000000      -0.102366770057492     
   7.11249000000000        6.51994916666667      -9.853979405300398E-002
   7.11249000000000        6.81621958333333      -9.192613896311413E-002
   7.11249000000000        7.11249000000000      -8.399846791666669E-002
