  2.000000000000000E-003  2.000000000000000E-003 -0.218255329818181     
  2.000000000000000E-003  0.298270416666667      -0.215544872893134     
  2.000000000000000E-003  0.594540833333333      -0.206994321586468     
  2.000000000000000E-003  0.890811250000000      -0.194910648950148     
  2.000000000000000E-003   1.18708166666667      -0.182841464239144     
  2.000000000000000E-003   1.48335208333333      -0.171751971854416     
  2.000000000000000E-003   1.77962250000000      -0.161609807760619     
  2.000000000000000E-003   2.07589291666667      -0.152265514790123     
  2.000000000000000E-003   2.37216333333333      -0.143630140473673     
  2.000000000000000E-003   2.66843375000000      -0.135623207438481     
  2.000000000000000E-003   2.96470416666667      -0.128071050492615     
  2.000000000000000E-003   3.26097458333333      -0.120823547177320     
  2.000000000000000E-003   3.55724500000000      -0.113758362156593     
  2.000000000000000E-003   3.85351541666667      -0.106813549686839     
  2.000000000000000E-003   4.14978583333333      -0.100019898614477     
  2.000000000000000E-003   4.44605625000000      -9.348438046547250E-002
  2.000000000000000E-003   4.74232666666667      -8.734645061776236E-002
  2.000000000000000E-003   5.03859708333333      -8.173240885210449E-002
  2.000000000000000E-003   5.33486750000000      -7.672401177140389E-002
  2.000000000000000E-003   5.63113791666667      -7.236993663400988E-002
  2.000000000000000E-003   5.92740833333333      -6.868652965919604E-002
  2.000000000000000E-003   6.22367875000000      -6.560172317087236E-002
  2.000000000000000E-003   6.51994916666667      -6.278144614969303E-002
  2.000000000000000E-003   6.81621958333333      -5.930562241199094E-002
  2.000000000000000E-003   7.11249000000000      -5.501772918643565E-002
  0.298270416666667       2.000000000000000E-003 -0.238570414736787     
  0.298270416666667       0.298270416666667      -0.231440646276523     
  0.298270416666667       0.594540833333333      -0.222221124510548     
  0.298270416666667       0.890811250000000      -0.211022438274798     
  0.298270416666667        1.18708166666667      -0.198877252581391     
  0.298270416666667        1.48335208333333      -0.186946035600579     
  0.298270416666667        1.77962250000000      -0.175615408872260     
  0.298270416666667        2.07589291666667      -0.164959560449536     
  0.298270416666667        2.37216333333333      -0.155019868729839     
  0.298270416666667        2.66843375000000      -0.145803178473238     
  0.298270416666667        2.96470416666667      -0.137126274831601     
  0.298270416666667        3.26097458333333      -0.128841426775636     
  0.298270416666667        3.55724500000000      -0.120838042394627     
  0.298270416666667        3.85351541666667      -0.113062619386677     
  0.298270416666667        4.14978583333333      -0.105539833499606     
  0.298270416666667        4.44605625000000      -9.835943632100221E-002
  0.298270416666667        4.74232666666667      -9.164223322328510E-002
  0.298270416666667        5.03859708333333      -8.550272720600355E-002
  0.298270416666667        5.33486750000000      -8.000302942686514E-002
  0.298270416666667        5.63113791666667      -7.517799859184141E-002
  0.298270416666667        5.92740833333333      -7.102280041267676E-002
  0.298270416666667        6.22367875000000      -6.742444529927252E-002
  0.298270416666667        6.51994916666667      -6.400616003814029E-002
  0.298270416666667        6.81621958333333      -6.012815034077925E-002
  0.298270416666667        7.11249000000000      -5.656019550480221E-002
  0.594540833333333       2.000000000000000E-003 -0.255964463402408     
  0.594540833333333       0.298270416666667      -0.249651336563308     
  0.594540833333333       0.594540833333333      -0.238827424079792     
  0.594540833333333       0.890811250000000      -0.227419924756782     
  0.594540833333333        1.18708166666667      -0.215133725500851     
  0.594540833333333        1.48335208333333      -0.202470068827240     
  0.594540833333333        1.77962250000000      -0.190014884021017     
  0.594540833333333        2.07589291666667      -0.178091255442609     
  0.594540833333333        2.37216333333333      -0.166885074484880     
  0.594540833333333        2.66843375000000      -0.156419272896106     
  0.594540833333333        2.96470416666667      -0.146544529870421     
  0.594540833333333        3.26097458333333      -0.137136028368895     
  0.594540833333333        3.55724500000000      -0.128102459850497     
  0.594540833333333        3.85351541666667      -0.119406047626855     
  0.594540833333333        4.14978583333333      -0.111074170061771     
  0.594540833333333        4.44605625000000      -0.103182785245690     
  0.594540833333333        4.74232666666667      -9.582805603282943E-002
  0.594540833333333        5.03859708333333      -8.909803814418363E-002
  0.594540833333333        5.33486750000000      -8.303748366116601E-002
  0.594540833333333        5.63113791666667      -7.764821306767176E-002
  0.594540833333333        5.92740833333333      -7.289793880837052E-002
  0.594540833333333        6.22367875000000      -6.864554436495399E-002
  0.594540833333333        6.51994916666667      -6.459195443858474E-002
  0.594540833333333        6.81621958333333      -6.056451362333339E-002
  0.594540833333333        7.11249000000000      -5.710432459449732E-002
  0.890811250000000       2.000000000000000E-003 -0.274749366646115     
  0.890811250000000       0.298270416666667      -0.270006039035697     
  0.890811250000000       0.594540833333333      -0.259405461679294     
  0.890811250000000       0.890811250000000      -0.246818646131320     
  0.890811250000000        1.18708166666667      -0.233235586382154     
  0.890811250000000        1.48335208333333      -0.219177835934886     
  0.890811250000000        1.77962250000000      -0.205245855464418     
  0.890811250000000        2.07589291666667      -0.191892938099040     
  0.890811250000000        2.37216333333333      -0.179331867700228     
  0.890811250000000        2.66843375000000      -0.167534974401335     
  0.890811250000000        2.96470416666667      -0.156399463882418     
  0.890811250000000        3.26097458333333      -0.145812390403104     
  0.890811250000000        3.55724500000000      -0.135680802526362     
  0.890811250000000        3.85351541666667      -0.125969078244662     
  0.890811250000000        4.14978583333333      -0.116730099177668     
  0.890811250000000        4.44605625000000      -0.108045217962602     
  0.890811250000000        4.74232666666667      -9.998594515707936E-002
  0.890811250000000        5.03859708333333      -9.260746324987679E-002
  0.890811250000000        5.33486750000000      -8.593493076936740E-002
  0.890811250000000        5.63113791666667      -7.995065284593142E-002
  0.890811250000000        5.92740833333333      -7.461765373431334E-002
  0.890811250000000        6.22367875000000      -6.982352505141365E-002
  0.890811250000000        6.51994916666667      -6.540185764817656E-002
  0.890811250000000        6.81621958333333      -6.129911934722817E-002
  0.890811250000000        7.11249000000000      -5.762141689827043E-002
   1.18708166666667       2.000000000000000E-003 -0.297873874974461     
   1.18708166666667       0.298270416666667      -0.293871895978012     
   1.18708166666667       0.594540833333333      -0.283524922789669     
   1.18708166666667       0.890811250000000      -0.269629545738321     
   1.18708166666667        1.18708166666667      -0.254015366253781     
   1.18708166666667        1.48335208333333      -0.237800208164715     
   1.18708166666667        1.77962250000000      -0.221852601880871     
   1.18708166666667        2.07589291666667      -0.206733038141344     
   1.18708166666667        2.37216333333333      -0.192540827779201     
   1.18708166666667        2.66843375000000      -0.179256029554886     
   1.18708166666667        2.96470416666667      -0.166793724411704     
   1.18708166666667        3.26097458333333      -0.155015324099063     
   1.18708166666667        3.55724500000000      -0.143784723599162     
   1.18708166666667        3.85351541666667      -0.132904730592855     
   1.18708166666667        4.14978583333333      -0.122616628767068     
   1.18708166666667        4.44605625000000      -0.113032678228064     
   1.18708166666667        4.74232666666667      -0.104196353538048     
   1.18708166666667        5.03859708333333      -9.611659626361092E-002
   1.18708166666667        5.33486750000000      -8.880034522003544E-002
   1.18708166666667        5.63113791666667      -8.223200937305671E-002
   1.18708166666667        5.92740833333333      -7.637770771542227E-002
   1.18708166666667        6.22367875000000      -7.116169899624070E-002
   1.18708166666667        6.51994916666667      -6.646471681872911E-002
   1.18708166666667        6.81621958333333      -6.218322456454137E-002
   1.18708166666667        7.11249000000000      -5.822574907848628E-002
   1.48335208333333       2.000000000000000E-003 -0.325864905807716     
   1.48335208333333       0.298270416666667      -0.321967305038024     
   1.48335208333333       0.594540833333333      -0.311162136814447     
   1.48335208333333       0.890811250000000      -0.295682623887525     
   1.48335208333333        1.18708166666667      -0.277590413778324     
   1.48335208333333        1.48335208333333      -0.258655992537060     
   1.48335208333333        1.77962250000000      -0.240229086901066     
   1.48335208333333        2.07589291666667      -0.222871723682966     
   1.48335208333333        2.37216333333333      -0.206679583114858     
   1.48335208333333        2.66843375000000      -0.191690354619340     
   1.48335208333333        2.96470416666667      -0.177834740223931     
   1.48335208333333        3.26097458333333      -0.164878605357771     
   1.48335208333333        3.55724500000000      -0.154210115601197     
   1.48335208333333        3.85351541666667      -0.140331435892436     
   1.48335208333333        4.14978583333333      -0.128796571659438     
   1.48335208333333        4.44605625000000      -0.118177641645646     
   1.48335208333333        4.74232666666667      -0.108487023246639     
   1.48335208333333        5.03859708333333      -9.965207508609629E-002
   1.48335208333333        5.33486750000000      -9.167784839640977E-002
   1.48335208333333        5.63113791666667      -8.454372556831030E-002
   1.48335208333333        5.92740833333333      -7.821018175078547E-002
   1.48335208333333        6.22367875000000      -7.262266150874953E-002
   1.48335208333333        6.51994916666667      -6.765437171959926E-002
   1.48335208333333        6.81621958333333      -6.313491350188978E-002
   1.48335208333333        7.11249000000000      -5.890623477151756E-002
   1.77962250000000       2.000000000000000E-003 -0.358032901788986     
   1.77962250000000       0.298270416666667      -0.353935216015086     
   1.77962250000000       0.594540833333333      -0.342069569068306     
   1.77962250000000       0.890811250000000      -0.324511878967721     
   1.77962250000000        1.18708166666667      -0.303615822501114     
   1.77962250000000        1.48335208333333      -0.281668795186628     
   1.77962250000000        1.77962250000000      -0.260404962061068     
   1.77962250000000        2.07589291666667      -0.240505489716143     
   1.77962250000000        2.37216333333333      -0.221889779893477     
   1.77962250000000        2.66843375000000      -0.204977889199673     
   1.77962250000000        2.96470416666667      -0.189658332764095     
   1.77962250000000        3.26097458333333      -0.175416345570636     
   1.77962250000000        3.55724500000000      -0.163057415817112     
   1.77962250000000        3.85351541666667      -0.148246454289617     
   1.77962250000000        4.14978583333333      -0.135326474148665     
   1.77962250000000        4.44605625000000      -0.123523692449164     
   1.77962250000000        4.74232666666667      -0.112812611370022     
   1.77962250000000        5.03859708333333      -0.103100049570119     
   1.77962250000000        5.33486750000000      -9.452046578475606E-002
   1.77962250000000        5.63113791666667      -8.685206505086931E-002
   1.77962250000000        5.92740833333333      -8.006298114493073E-002
   1.77962250000000        6.22367875000000      -7.412096757446626E-002
   1.77962250000000        6.51994916666667      -6.887956115894993E-002
   1.77962250000000        6.81621958333333      -6.412396328507099E-002
   1.77962250000000        7.11249000000000      -5.965970726378955E-002
   2.07589291666667       2.000000000000000E-003 -0.393116910831916     
   2.07589291666667       0.298270416666667      -0.388400447975608     
   2.07589291666667       0.594540833333333      -0.375215985128244     
   2.07589291666667       0.890811250000000      -0.355266768866349     
   2.07589291666667        1.18708166666667      -0.331546703840675     
   2.07589291666667        1.48335208333333      -0.306378711053034     
   2.07589291666667        1.77962250000000      -0.281844008087723     
   2.07589291666667        2.07589291666667      -0.262983044330383     
   2.07589291666667        2.37216333333333      -0.238393989881834     
   2.07589291666667        2.66843375000000      -0.219000074865746     
   2.07589291666667        2.96470416666667      -0.202233251736842     
   2.07589291666667        3.26097458333333      -0.186682790198326     
   2.07589291666667        3.55724500000000      -0.181117659961234     
   2.07589291666667        3.85351541666667      -0.156780067221021     
   2.07589291666667        4.14978583333333      -0.142336347569017     
   2.07589291666667        4.44605625000000      -0.129125279351346     
   2.07589291666667        4.74232666666667      -0.116966027905559     
   2.07589291666667        5.03859708333333      -0.104765445902314     
   2.07589291666667        5.33486750000000      -9.729542199752345E-002
   2.07589291666667        5.63113791666667      -8.911655278807092E-002
   2.07589291666667        5.92740833333333      -8.185876922578167E-002
   2.07589291666667        6.22367875000000      -7.556269373120557E-002
   2.07589291666667        6.51994916666667      -7.006442286664581E-002
   2.07589291666667        6.81621958333333      -6.510636982361825E-002
   2.07589291666667        7.11249000000000      -6.045387225823561E-002
   2.37216333333333       2.000000000000000E-003 -0.429651723184675     
   2.37216333333333       0.298270416666667      -0.424544241762240     
   2.37216333333333       0.594540833333333      -0.409882655399496     
   2.37216333333333       0.890811250000000      -0.387593788706676     
   2.37216333333333        1.18708166666667      -0.360448174460563     
   2.37216333333333        1.48335208333333      -0.331505500693064     
   2.37216333333333        1.77962250000000      -0.303255522630661     
   2.37216333333333        2.07589291666667      -0.277646007568261     
   2.37216333333333        2.37216333333333      -0.259493821005519     
   2.37216333333333        2.66843375000000      -0.233406326486357     
   2.37216333333333        2.96470416666667      -0.215044684979958     
   2.37216333333333        3.26097458333333      -0.198618556166732     
   2.37216333333333        3.55724500000000      -0.185547993054326     
   2.37216333333333        3.85351541666667      -0.166146390222810     
   2.37216333333333        4.14978583333333      -0.149979648569549     
   2.37216333333333        4.44605625000000      -0.134933519055646     
   2.37216333333333        4.74232666666667      -0.119473797169859     
   2.37216333333333        5.03859708333333      -0.109939615473916     
   2.37216333333333        5.33486750000000      -0.100098869776393     
   2.37216333333333        5.63113791666667      -9.127560060926221E-002
   2.37216333333333        5.92740833333333      -8.354594744710579E-002
   2.37216333333333        6.22367875000000      -7.688989157781477E-002
   2.37216333333333        6.51994916666667      -7.114433542737149E-002
   2.37216333333333        6.81621958333333      -6.601692394196414E-002
   2.37216333333333        7.11249000000000      -6.123265473946336E-002
   2.66843375000000       2.000000000000000E-003 -0.466787576165832     
   2.66843375000000       0.298270416666667      -0.460954676058817     
   2.66843375000000       0.594540833333333      -0.444142727517361     
   2.66843375000000       0.890811250000000      -0.418507011629619     
   2.66843375000000        1.18708166666667      -0.387431513837726     
   2.66843375000000        1.48335208333333      -0.355012110069853     
   2.66843375000000        1.77962250000000      -0.324036753634559     
   2.66843375000000        2.07589291666667      -0.294951330697950     
   2.66843375000000        2.37216333333333      -0.269234233544886     
   2.66843375000000        2.66843375000000      -0.249643621065004     
   2.66843375000000        2.96470416666667      -0.227444039917088     
   2.66843375000000        3.26097458333333      -0.210897458885005     
   2.66843375000000        3.55724500000000      -0.201776880604583     
   2.66843375000000        3.85351541666667      -0.176529653820227     
   2.66843375000000        4.14978583333333      -0.158327949441260     
   2.66843375000000        4.44605625000000      -0.140413990451807     
   2.66843375000000        4.74232666666667      -0.126430124999438     
   2.66843375000000        5.03859708333333      -0.113537872449473     
   2.66843375000000        5.33486750000000      -0.102528550423185     
   2.66843375000000        5.63113791666667      -9.318922387435202E-002
   2.66843375000000        5.92740833333333      -8.505849371553108E-002
   2.66843375000000        6.22367875000000      -7.807321541670675E-002
   2.66843375000000        6.51994916666667      -7.209582529504970E-002
   2.66843375000000        6.81621958333333      -6.682078815863295E-002
   2.66843375000000        7.11249000000000      -6.193610896158060E-002
   2.96470416666667       2.000000000000000E-003 -0.498425529933350     
   2.96470416666667       0.298270416666667      -0.491788328118160     
   2.96470416666667       0.594540833333333      -0.472760043799026     
   2.96470416666667       0.890811250000000      -0.443926969191202     
   2.96470416666667        1.18708166666667      -0.409264016027201     
   2.96470416666667        1.48335208333333      -0.373488157465798     
   2.96470416666667        1.77962250000000      -0.340238038929851     
   2.96470416666667        2.07589291666667      -0.310429076005151     
   2.96470416666667        2.37216333333333      -0.283303466932081     
   2.96470416666667        2.66843375000000      -0.259177977252642     
   2.96470416666667        2.96470416666667      -0.238729607648288     
   2.96470416666667        3.26097458333333      -0.222377986008485     
   2.96470416666667        3.55724500000000      -0.211161722921909     
   2.96470416666667        3.85351541666667      -0.187487736048455     
   2.96470416666667        4.14978583333333      -0.167915558192567     
   2.96470416666667        4.44605625000000      -0.148822162446139     
   2.96470416666667        4.74232666666667      -0.131393753686832     
   2.96470416666667        5.03859708333333      -0.116511944257211     
   2.96470416666667        5.33486750000000      -0.104621476736252     
   2.96470416666667        5.63113791666667      -9.477565482290716E-002
   2.96470416666667        5.92740833333333      -8.629048595979795E-002
   2.96470416666667        6.22367875000000      -7.903751688834945E-002
   2.96470416666667        6.51994916666667      -7.287064193218512E-002
   2.96470416666667        6.81621958333333      -6.747561360389728E-002
   2.96470416666667        7.11249000000000      -6.251369300047925E-002
   3.26097458333333       2.000000000000000E-003 -0.519691046507785     
   3.26097458333333       0.298270416666667      -0.512386385127702     
   3.26097458333333       0.594540833333333      -0.491672543498314     
   3.26097458333333       0.890811250000000      -0.460618028680049     
   3.26097458333333        1.18708166666667      -0.423793343320869     
   3.26097458333333        1.48335208333333      -0.386465854178473     
   3.26097458333333        1.77962250000000      -0.351340835543354     
   3.26097458333333        2.07589291666667      -0.319660099446768     
   3.26097458333333        2.37216333333333      -0.292391440215945     
   3.26097458333333        2.66843375000000      -0.269551186335785     
   3.26097458333333        2.96470416666667      -0.249804825436292     
   3.26097458333333        3.26097458333333      -0.230841288384135     
   3.26097458333333        3.55724500000000      -0.218649364860679     
   3.26097458333333        3.85351541666667      -0.197777630244583     
   3.26097458333333        4.14978583333333      -0.178735255461671     
   3.26097458333333        4.44605625000000      -0.156312213015327     
   3.26097458333333        4.74232666666667      -0.135640997606310     
   3.26097458333333        5.03859708333333      -0.118989794870306     
   3.26097458333333        5.33486750000000      -0.105998891030725     
   3.26097458333333        5.63113791666667      -9.573986164560257E-002
   3.26097458333333        5.92740833333333      -8.709583655763832E-002
   3.26097458333333        6.22367875000000      -7.967778589600175E-002
   3.26097458333333        6.51994916666667      -7.338727295246734E-002
   3.26097458333333        6.81621958333333      -6.791243940241302E-002
   3.26097458333333        7.11249000000000      -6.289957194842302E-002
   3.55724500000000       2.000000000000000E-003 -0.527257930856747     
   3.55724500000000       0.298270416666667      -0.519662015685606     
   3.55724500000000       0.594540833333333      -0.498283826567042     
   3.55724500000000       0.890811250000000      -0.466455651685785     
   3.55724500000000        1.18708166666667      -0.429438595514313     
   3.55724500000000        1.48335208333333      -0.414176373622317     
   3.55724500000000        1.77962250000000      -0.378942850221268     
   3.55724500000000        2.07589291666667      -0.440804581340137     
   3.55724500000000        2.37216333333333      -0.312980534088276     
   3.55724500000000        2.66843375000000      -0.291677625052545     
   3.55724500000000        2.96470416666667      -0.262308076004593     
   3.55724500000000        3.26097458333333      -0.244733964690770     
   3.55724500000000        3.55724500000000      -0.218318619044363     
   3.55724500000000        3.85351541666667      -0.210224345543316     
   3.55724500000000        4.14978583333333      -0.194683720033550     
   3.55724500000000        4.44605625000000      -0.172988693713707     
   3.55724500000000        4.74232666666667      -0.139225258514620     
   3.55724500000000        5.03859708333333      -0.103160360728471     
   3.55724500000000        5.33486750000000      -0.102028948825802     
   3.55724500000000        5.63113791666667      -9.455500958547131E-002
   3.55724500000000        5.92740833333333      -8.739594892614316E-002
   3.55724500000000        6.22367875000000      -7.990703992997733E-002
   3.55724500000000        6.51994916666667      -7.357347465224540E-002
   3.55724500000000        6.81621958333333      -6.807035779159891E-002
   3.55724500000000        7.11249000000000      -6.303917798853872E-002
   3.85351541666667       2.000000000000000E-003 -0.519693087913312     
   3.85351541666667       0.298270416666667      -0.512384156953158     
   3.85351541666667       0.594540833333333      -0.491666617702819     
   3.85351541666667       0.890811250000000      -0.460609104453318     
   3.85351541666667        1.18708166666667      -0.423782298436713     
   3.85351541666667        1.48335208333333      -0.386452779218539     
   3.85351541666667        1.77962250000000      -0.351324642703214     
   3.85351541666667        2.07589291666667      -0.319638159825927     
   3.85351541666667        2.37216333333333      -0.292358851108320     
   3.85351541666667        2.66843375000000      -0.269499315336046     
   3.85351541666667        2.96470416666667      -0.249728664333789     
   3.85351541666667        3.26097458333333      -0.230725860838832     
   3.85351541666667        3.55724500000000      -0.218603736754442     
   3.85351541666667        3.85351541666667      -0.197884106457385     
   3.85351541666667        4.14978583333333      -0.178815981032821     
   3.85351541666667        4.44605625000000      -0.156367574852913     
   3.85351541666667        4.74232666666667      -0.135673685935211     
   3.85351541666667        5.03859708333333      -0.119010866258361     
   3.85351541666667        5.33486750000000      -0.106014590427397     
   3.85351541666667        5.63113791666667      -9.575349973005549E-002
   3.85351541666667        5.92740833333333      -8.710900342488909E-002
   3.85351541666667        6.22367875000000      -7.969108384035720E-002
   3.85351541666667        6.51994916666667      -7.340074971923971E-002
   3.85351541666667        6.81621958333333      -6.792580481763592E-002
   3.85351541666667        7.11249000000000      -6.291236227574318E-002
   4.14978583333333       2.000000000000000E-003 -0.498429135100078     
   4.14978583333333       0.298270416666667      -0.491784092739372     
   4.14978583333333       0.594540833333333      -0.472748850401055     
   4.14978583333333       0.890811250000000      -0.443910338790422     
   4.14978583333333        1.18708166666667      -0.409243399305403     
   4.14978583333333        1.48335208333333      -0.373463795130832     
   4.14978583333333        1.77962250000000      -0.340208132346097     
   4.14978583333333        2.07589291666667      -0.310390293474190     
   4.14978583333333        2.37216333333333      -0.283253166706046     
   4.14978583333333        2.66843375000000      -0.259112569268786     
   4.14978583333333        2.96470416666667      -0.238601065518358     
   4.14978583333333        3.26097458333333      -0.222301007047365     
   4.14978583333333        3.55724500000000      -0.211115344582938     
   4.14978583333333        3.85351541666667      -0.187534177512788     
   4.14978583333333        4.14978583333333      -0.168047046956485     
   4.14978583333333        4.44605625000000      -0.148890612967083     
   4.14978583333333        4.74232666666667      -0.131444723455662     
   4.14978583333333        5.03859708333333      -0.116549041683181     
   4.14978583333333        5.33486750000000      -0.104650467303747     
   4.14978583333333        5.63113791666667      -9.480154722623366E-002
   4.14978583333333        5.92740833333333      -8.631587864854187E-002
   4.14978583333333        6.22367875000000      -7.906324952841608E-002
   4.14978583333333        6.51994916666667      -7.289671127359615E-002
   4.14978583333333        6.81621958333333      -6.750143243862843E-002
   4.14978583333333        7.11249000000000      -6.253834816180343E-002
   4.44605625000000       2.000000000000000E-003 -0.466792206803662     
   4.44605625000000       0.298270416666667      -0.460948679170069     
   4.44605625000000       0.594540833333333      -0.444127375422230     
   4.44605625000000       0.890811250000000      -0.418484477856147     
   4.44605625000000        1.18708166666667      -0.387403967051607     
   4.44605625000000        1.48335208333333      -0.354980600890853     
   4.44605625000000        1.77962250000000      -0.324000678657765     
   4.44605625000000        2.07589291666667      -0.294909685550267     
   4.44605625000000        2.37216333333333      -0.269184216803600     
   4.44605625000000        2.66843375000000      -0.249555961552199     
   4.44605625000000        2.96470416666667      -0.227386560786254     
   4.44605625000000        3.26097458333333      -0.210852413638958     
   4.44605625000000        3.55724500000000      -0.201728851445116     
   4.44605625000000        3.85351541666667      -0.176563074379304     
   4.44605625000000        4.14978583333333      -0.158388110974258     
   4.44605625000000        4.44605625000000      -0.140503623661942     
   4.44605625000000        4.74232666666667      -0.126485551220743     
   4.44605625000000        5.03859708333333      -0.113583173093588     
   4.44605625000000        5.33486750000000      -0.102567516175917     
   4.44605625000000        5.63113791666667      -9.322555709711250E-002
   4.44605625000000        5.92740833333333      -8.509464102643455E-002
   4.44605625000000        6.22367875000000      -7.810994786484060E-002
   4.44605625000000        6.51994916666667      -7.213301473641891E-002
   4.44605625000000        6.81621958333333      -6.685753925609812E-002
   4.44605625000000        7.11249000000000      -6.197106165606914E-002
   4.74232666666667       2.000000000000000E-003 -0.429656662935826     
   4.74232666666667       0.298270416666667      -0.424536484666827     
   4.74232666666667       0.594540833333333      -0.409863933622196     
   4.74232666666667       0.890811250000000      -0.387567063094628     
   4.74232666666667        1.18708166666667      -0.360416338083463     
   4.74232666666667        1.48335208333333      -0.331470619003195     
   4.74232666666667        1.77962250000000      -0.303218203944850     
   4.74232666666667        2.07589291666667      -0.277604515539902     
   4.74232666666667        2.37216333333333      -0.259430112504111     
   4.74232666666667        2.66843375000000      -0.233364641767354     
   4.74232666666667        2.96470416666667      -0.215011604567382     
   4.74232666666667        3.26097458333333      -0.198600855734120     
   4.74232666666667        3.55724500000000      -0.185551327156928     
   4.74232666666667        3.85351541666667      -0.166178211816702     
   4.74232666666667        4.14978583333333      -0.150030433392107     
   4.74232666666667        4.44605625000000      -0.134991460638097     
   4.74232666666667        4.74232666666667      -0.119540376631049     
   4.74232666666667        5.03859708333333      -0.109991107632487     
   4.74232666666667        5.33486750000000      -0.100145901025635     
   4.74232666666667        5.63113791666667      -9.132085554216955E-002
   4.74232666666667        5.92740833333333      -8.359119581344918E-002
   4.74232666666667        6.22367875000000      -7.693592519120157E-002
   4.74232666666667        6.51994916666667      -7.119096490859754E-002
   4.74232666666667        6.81621958333333      -6.606293604139164E-002
   4.74232666666667        7.11249000000000      -6.127614267727319E-002
   5.03859708333333       2.000000000000000E-003 -0.393121575807024     
   5.03859708333333       0.298270416666667      -0.388390061440097     
   5.03859708333333       0.594540833333333      -0.375193405667876     
   5.03859708333333       0.890811250000000      -0.355236319022048     
   5.03859708333333        1.18708166666667      -0.331512162487059     
   5.03859708333333        1.48335208333333      -0.306342648730218     
   5.03859708333333        1.77962250000000      -0.281807382978206     
   5.03859708333333        2.07589291666667      -0.262938194083165     
   5.03859708333333        2.37216333333333      -0.238359329475921     
   5.03859708333333        2.66843375000000      -0.218973269068589     
   5.03859708333333        2.96470416666667      -0.202216499695903     
   5.03859708333333        3.26097458333333      -0.186681432743788     
   5.03859708333333        3.55724500000000      -0.181281178789916     
   5.03859708333333        3.85351541666667      -0.156814531163848     
   5.03859708333333        4.14978583333333      -0.142385179886144     
   5.03859708333333        4.44605625000000      -0.129180284466930     
   5.03859708333333        4.74232666666667      -0.117022810144424     
   5.03859708333333        5.03859708333333      -0.104822262785206     
   5.03859708333333        5.33486750000000      -9.734857093637338E-002
   5.03859708333333        5.63113791666667      -8.916872442275710E-002
   5.03859708333333        5.92740833333333      -8.191116064815317E-002
   5.03859708333333        6.22367875000000      -7.561610116898372E-002
   5.03859708333333        6.51994916666667      -7.011877830605968E-002
   5.03859708333333        6.81621958333333      -6.516011768649893E-002
   5.03859708333333        7.11249000000000      -6.050415397388532E-002
   5.33486750000000       2.000000000000000E-003 -0.358036790183746     
   5.33486750000000       0.298270416666667      -0.353920443167916     
   5.33486750000000       0.594540833333333      -0.342040971358447     
   5.33486750000000       0.890811250000000      -0.324476225851117     
   5.33486750000000        1.18708166666667      -0.303578565882085     
   5.33486750000000        1.48335208333333      -0.281632749404078     
   5.33486750000000        1.77962250000000      -0.260371129190568     
   5.33486750000000        2.07589291666667      -0.240474749724712     
   5.33486750000000        2.37216333333333      -0.221864544120795     
   5.33486750000000        2.66843375000000      -0.204960570069613     
   5.33486750000000        2.96470416666667      -0.189651837379443     
   5.33486750000000        3.26097458333333      -0.175424298017548     
   5.33486750000000        3.55724500000000      -0.163088253168691     
   5.33486750000000        3.85351541666667      -0.148283652341790     
   5.33486750000000        4.14978583333333      -0.135375104141858     
   5.33486750000000        4.44605625000000      -0.123579154045179     
   5.33486750000000        4.74232666666667      -0.112870405247067     
   5.33486750000000        5.03859708333333      -0.103158265199703     
   5.33486750000000        5.33486750000000      -9.457809180936333E-002
   5.33486750000000        5.63113791666667      -8.690908608386778E-002
   5.33486750000000        5.92740833333333      -8.012001014227599E-002
   5.33486750000000        6.22367875000000      -7.417930564162901E-002
   5.33486750000000        6.51994916666667      -6.893978267825192E-002
   5.33486750000000        6.81621958333333      -6.418409546752313E-002
   5.33486750000000        7.11249000000000      -5.971514567605531E-002
   5.63113791666667       2.000000000000000E-003 -0.325867374149631     
   5.63113791666667       0.298270416666667      -0.321945183001541     
   5.63113791666667       0.594540833333333      -0.311124404662709     
   5.63113791666667       0.890811250000000      -0.295639960952457     
   5.63113791666667        1.18708166666667      -0.277549932183610     
   5.63113791666667        1.48335208333333      -0.258620486604195     
   5.63113791666667        1.77962250000000      -0.240198880848883     
   5.63113791666667        2.07589291666667      -0.222846861976137     
   5.63113791666667        2.37216333333333      -0.206661105750944     
   5.63113791666667        2.66843375000000      -0.191680109876342     
   5.63113791666667        2.96470416666667      -0.177835083542506     
   5.63113791666667        3.26097458333333      -0.164892000657372     
   5.63113791666667        3.55724500000000      -0.154247048594606     
   5.63113791666667        3.85351541666667      -0.140370470768010     
   5.63113791666667        4.14978583333333      -0.128845584051821     
   5.63113791666667        4.44605625000000      -0.118233784528672     
   5.63113791666667        4.74232666666667      -0.108546742270973     
   5.63113791666667        5.03859708333333      -9.971315163150482E-002
   5.63113791666667        5.33486750000000      -9.173875939977191E-002
   5.63113791666667        5.63113791666667      -8.460345393563706E-002
   5.63113791666667        5.92740833333333      -7.826921888298360E-002
   5.63113791666667        6.22367875000000      -7.268317303285049E-002
   5.63113791666667        6.51994916666667      -6.771865359756368E-002
   5.63113791666667        6.81621958333333      -6.320124724411617E-002
   5.63113791666667        7.11249000000000      -5.896673000285656E-002
   5.92740833333333       2.000000000000000E-003 -0.297874641030929     
   5.92740833333333       0.298270416666667      -0.293837891059070     
   5.92740833333333       0.594540833333333      -0.283473942844507     
   5.92740833333333       0.890811250000000      -0.269578896248974     
   5.92740833333333        1.18708166666667      -0.253972816132895     
   5.92740833333333        1.48335208333333      -0.237766919345142     
   5.92740833333333        1.77962250000000      -0.221827349135404     
   5.92740833333333        2.07589291666667      -0.206714566524312     
   5.92740833333333        2.37216333333333      -0.192529077523182     
   5.92740833333333        2.66843375000000      -0.179252198879183     
   5.92740833333333        2.96470416666667      -0.166799583227024     
   5.92740833333333        3.26097458333333      -0.155032531686696     
   5.92740833333333        3.55724500000000      -0.143814094292343     
   5.92740833333333        3.85351541666667      -0.132945065648569     
   5.92740833333333        4.14978583333333      -0.122666490658758     
   5.92740833333333        4.44605625000000      -0.113089736779205     
   5.92740833333333        4.74232666666667      -0.104257861663170     
   5.92740833333333        5.03859708333333      -9.618013339305147E-002
   5.92740833333333        5.33486750000000      -8.886364347021040E-002
   5.92740833333333        5.63113791666667      -8.229312300409901E-002
   5.92740833333333        5.92740833333333      -7.643632482936595E-002
   5.92740833333333        6.22367875000000      -7.122059334058885E-002
   5.92740833333333        6.51994916666667      -6.652977211729356E-002
   5.92740833333333        6.81621958333333      -6.225612238138960E-002
   5.92740833333333        7.11249000000000      -5.829294420828656E-002
   6.22367875000000       2.000000000000000E-003 -0.274748457233241     
   6.22367875000000       0.298270416666667      -0.269952678999847     
   6.22367875000000       0.594540833333333      -0.259336685445142     
   6.22367875000000       0.890811250000000      -0.246760757832452     
   6.22367875000000        1.18708166666667      -0.233194379840019     
   6.22367875000000        1.48335208333333      -0.219150394270672     
   6.22367875000000        1.77962250000000      -0.205228276609737     
   6.22367875000000        2.07589291666667      -0.191882684707410     
   6.22367875000000        2.37216333333333      -0.179328038606548     
   6.22367875000000        2.66843375000000      -0.167538174543689     
   6.22367875000000        2.96470416666667      -0.156411019654037     
   6.22367875000000        3.26097458333333      -0.145833623411382     
   6.22367875000000        3.55724500000000      -0.135712456450828     
   6.22367875000000        3.85351541666667      -0.126010915234203     
   6.22367875000000        4.14978583333333      -0.116780966387849     
   6.22367875000000        4.44605625000000      -0.108103247352497     
   6.22367875000000        4.74232666666667      -0.100048903054616     
   6.22367875000000        5.03859708333333      -9.267309959930348E-002
   6.22367875000000        5.33486750000000      -8.600058976913698E-002
   6.22367875000000        5.63113791666667      -8.001320336766032E-002
   6.22367875000000        5.92740833333333      -7.467463416677221E-002
   6.22367875000000        6.22367875000000      -6.987609805543743E-002
   6.22367875000000        6.51994916666667      -6.546049659753833E-002
   6.22367875000000        6.81621958333333      -6.137710096366988E-002
   6.22367875000000        7.11249000000000      -5.769844570032381E-002
   6.51994916666667       2.000000000000000E-003 -0.255962304197312     
   6.51994916666667       0.298270416666667      -0.249572095175949     
   6.51994916666667       0.594540833333333      -0.238741890009701     
   6.51994916666667       0.890811250000000      -0.227360546047704     
   6.51994916666667        1.18708166666667      -0.215099886398904     
   6.51994916666667        1.48335208333333      -0.202453326019865     
   6.51994916666667        1.77962250000000      -0.190008540431944     
   6.51994916666667        2.07589291666667      -0.178091640056686     
   6.51994916666667        2.37216333333333      -0.166890894482906     
   6.51994916666667        2.66843375000000      -0.156430790514462     
   6.51994916666667        2.96470416666667      -0.146562760182402     
   6.51994916666667        3.26097458333333      -0.137162123675620     
   6.51994916666667        3.55724500000000      -0.128137237397743     
   6.51994916666667        3.85351541666667      -0.119449648271293     
   6.51994916666667        4.14978583333333      -0.111125946175646     
   6.51994916666667        4.44605625000000      -0.103241433089182     
   6.51994916666667        4.74232666666667      -9.589195184570214E-002
   6.51994916666667        5.03859708333333      -8.916553411128184E-002
   6.51994916666667        5.33486750000000      -8.310604858421093E-002
   6.51994916666667        5.63113791666667      -7.771410007097378E-002
   6.51994916666667        5.92740833333333      -7.295607013979506E-002
   6.51994916666667        6.22367875000000      -6.869177743692120E-002
   6.51994916666667        6.51994916666667      -6.463492376309563E-002
   6.51994916666667        6.81621958333333      -6.063920784437308E-002
   6.51994916666667        7.11249000000000      -5.719571584286896E-002
   6.81621958333333       2.000000000000000E-003 -0.238568057432904     
   6.81621958333333       0.298270416666667      -0.231358384122144     
   6.81621958333333       0.594540833333333      -0.222141623239175     
   6.81621958333333       0.890811250000000      -0.210976211896288     
   6.81621958333333        1.18708166666667      -0.198859058165156     
   6.81621958333333        1.48335208333333      -0.186944715390003     
   6.81621958333333        1.77962250000000      -0.175623317847588     
   6.81621958333333        2.07589291666667      -0.164972718647674     
   6.81621958333333        2.37216333333333      -0.155036897255643     
   6.81621958333333        2.66843375000000      -0.145824322437881     
   6.81621958333333        2.96470416666667      -0.137152329006692     
   6.81621958333333        3.26097458333333      -0.128873344225424     
   6.81621958333333        3.55724500000000      -0.120876651783394     
   6.81621958333333        3.85351541666667      -0.113108330342979     
   6.81621958333333        4.14978583333333      -0.105592479639366     
   6.81621958333333        4.44605625000000      -9.841831381936322E-002
   6.81621958333333        4.74232666666667      -9.170641285713629E-002
   6.81621958333333        5.03859708333333      -8.557138925465156E-002
   6.81621958333333        5.33486750000000      -8.007439736826569E-002
   6.81621958333333        5.63113791666667      -7.524898444922748E-002
   6.81621958333333        5.92740833333333      -7.108834912309998E-002
   6.81621958333333        6.22367875000000      -6.747745169432752E-002
   6.81621958333333        6.51994916666667      -6.404549557721981E-002
   6.81621958333333        6.81621958333333      -6.019037680402019E-002
   6.81621958333333        7.11249000000000      -5.666636908510684E-002
   7.11249000000000       2.000000000000000E-003 -0.218254108073123     
   7.11249000000000       0.298270416666667      -0.215527020148736     
   7.11249000000000       0.594540833333333      -0.206965711705358     
   7.11249000000000       0.890811250000000      -0.194898307084183     
   7.11249000000000        1.18708166666667      -0.182847016820372     
   7.11249000000000        1.48335208333333      -0.171769120265996     
   7.11249000000000        1.77962250000000      -0.161633287330591     
   7.11249000000000        2.07589291666667      -0.152292303040277     
   7.11249000000000        2.37216333333333      -0.143659089743716     
   7.11249000000000        2.66843375000000      -0.135654737052125     
   7.11249000000000        2.96470416666667      -0.128105748233728     
   7.11249000000000        3.26097458333333      -0.120862115785145     
   7.11249000000000        3.55724500000000      -0.113801526519442     
   7.11249000000000        3.85351541666667      -0.106861870180785     
   7.11249000000000        4.14978583333333      -0.100073577020149     
   7.11249000000000        4.44605625000000      -9.354324546996358E-002
   7.11249000000000        4.74232666666667      -8.741016390231590E-002
   7.11249000000000        5.03859708333333      -8.180077995192063E-002
   7.11249000000000        5.33486750000000      -7.679589765829335E-002
   7.11249000000000        5.63113791666667      -7.244324088944608E-002
   7.11249000000000        5.92740833333333      -6.875767784541167E-002
   7.11249000000000        6.22367875000000      -6.566619957411252E-002
   7.11249000000000        6.51994916666667      -6.284052553916515E-002
   7.11249000000000        6.81621958333333      -5.938261544824608E-002
   7.11249000000000        7.11249000000000      -5.512011022512719E-002
