  2.000000000000000E-003  2.000000000000000E-003 -0.136893022569924     
  2.000000000000000E-003  0.298270416666667      -0.145343172941940     
  2.000000000000000E-003  0.594540833333333      -0.151908728330498     
  2.000000000000000E-003  0.890811250000000      -0.158524877331289     
  2.000000000000000E-003   1.18708166666667      -0.165886166349633     
  2.000000000000000E-003   1.48335208333333      -0.174017696166939     
  2.000000000000000E-003   1.77962250000000      -0.182741595999084     
  2.000000000000000E-003   2.07589291666667      -0.191599203646251     
  2.000000000000000E-003   2.37216333333333      -0.199951331631014     
  2.000000000000000E-003   2.66843375000000      -0.207267780565089     
  2.000000000000000E-003   2.96470416666667      -0.213131350282782     
  2.000000000000000E-003   3.26097458333333      -0.216978234782671     
  2.000000000000000E-003   3.55724500000000      -0.218318299313694     
  2.000000000000000E-003   3.85351541666667      -0.216960689818328     
  2.000000000000000E-003   4.14978583333333      -0.213097844238103     
  2.000000000000000E-003   4.44605625000000      -0.207221015741603     
  2.000000000000000E-003   4.74232666666667      -0.199894629334434     
  2.000000000000000E-003   5.03859708333333      -0.191537219890550     
  2.000000000000000E-003   5.33486750000000      -0.182678377817227     
  2.000000000000000E-003   5.63113791666667      -0.173952709267919     
  2.000000000000000E-003   5.92740833333333      -0.165814668381514     
  2.000000000000000E-003   6.22367875000000      -0.158437610372226     
  2.000000000000000E-003   6.51994916666667      -0.151779937928936     
  2.000000000000000E-003   6.81621958333333      -0.145124968692114     
  2.000000000000000E-003   7.11249000000000      -0.136638119054808     
  0.298270416666667       2.000000000000000E-003 -0.145342990606026     
  0.298270416666667       0.298270416666667      -0.157614247050417     
  0.298270416666667       0.594540833333333      -0.165325808344494     
  0.298270416666667       0.890811250000000      -0.172062357752904     
  0.298270416666667        1.18708166666667      -0.180340573638685     
  0.298270416666667        1.48335208333333      -0.190192149071337     
  0.298270416666667        1.77962250000000      -0.201144507519634     
  0.298270416666667        2.07589291666667      -0.212531168988496     
  0.298270416666667        2.37216333333333      -0.223410192031512     
  0.298270416666667        2.66843375000000      -0.233018726883348     
  0.298270416666667        2.96470416666667      -0.240766885907827     
  0.298270416666667        3.26097458333333      -0.245869831216226     
  0.298270416666667        3.55724500000000      -0.247652071272788     
  0.298270416666667        3.85351541666667      -0.245849286819938     
  0.298270416666667        4.14978583333333      -0.240727410204416     
  0.298270416666667        4.44605625000000      -0.232962862258248     
  0.298270416666667        4.74232666666667      -0.223340571700824     
  0.298270416666667        5.03859708333333      -0.212450219460737     
  0.298270416666667        5.33486750000000      -0.201052320906706     
  0.298270416666667        5.63113791666667      -0.190080819615912     
  0.298270416666667        5.92740833333333      -0.180192734474667     
  0.298270416666667        6.22367875000000      -0.171847735796212     
  0.298270416666667        6.51994916666667      -0.165002002276657     
  0.298270416666667        6.81621958333333      -0.157206528855635     
  0.298270416666667        7.11249000000000      -0.145125081168325     
  0.594540833333333       2.000000000000000E-003 -0.151908405134801     
  0.594540833333333       0.298270416666667      -0.165325632853005     
  0.594540833333333       0.594540833333333      -0.175995132626090     
  0.594540833333333       0.890811250000000      -0.185153514720341     
  0.594540833333333        1.18708166666667      -0.195714430316460     
  0.594540833333333        1.48335208333333      -0.208332453902477     
  0.594540833333333        1.77962250000000      -0.222558604857813     
  0.594540833333333        2.07589291666667      -0.237564715870804     
  0.594540833333333        2.37216333333333      -0.252132677012489     
  0.594540833333333        2.66843375000000      -0.265166000948764     
  0.594540833333333        2.96470416666667      -0.275772030765902     
  0.594540833333333        3.26097458333333      -0.282789731696885     
  0.594540833333333        3.55724500000000      -0.285248310934269     
  0.594540833333333        3.85351541666667      -0.282766478453181     
  0.594540833333333        4.14978583333333      -0.275727249202805     
  0.594540833333333        4.44605625000000      -0.265102269774782     
  0.594540833333333        4.74232666666667      -0.252052235061483     
  0.594540833333333        5.03859708333333      -0.237468653031911     
  0.594540833333333        5.33486750000000      -0.222443890334249     
  0.594540833333333        5.63113791666667      -0.208187337008031     
  0.594540833333333        5.92740833333333      -0.195518325802689     
  0.594540833333333        6.22367875000000      -0.184881382860228     
  0.594540833333333        6.51994916666667      -0.175645791277994     
  0.594540833333333        6.81621958333333      -0.165002211694719     
  0.594540833333333        7.11249000000000      -0.151780161113567     
  0.890811250000000       2.000000000000000E-003 -0.158524630022041     
  0.890811250000000       0.298270416666667      -0.172062213154955     
  0.890811250000000       0.594540833333333      -0.185153489234721     
  0.890811250000000       0.890811250000000      -0.198037097237270     
  0.890811250000000        1.18708166666667      -0.212461505727223     
  0.890811250000000        1.48335208333333      -0.229251476085611     
  0.890811250000000        1.77962250000000      -0.248233562299607     
  0.890811250000000        2.07589291666667      -0.268494496244442     
  0.890811250000000        2.37216333333333      -0.288339793524342     
  0.890811250000000        2.66843375000000      -0.306511424120456     
  0.890811250000000        2.96470416666667      -0.321472844313635     
  0.890811250000000        3.26097458333333      -0.331443480212662     
  0.890811250000000        3.55724500000000      -0.334958573629294     
  0.890811250000000        3.85351541666667      -0.331417517909874     
  0.890811250000000        4.14978583333333      -0.321423068900019     
  0.890811250000000        4.44605625000000      -0.306440909242772     
  0.890811250000000        4.74232666666667      -0.288251277332880     
  0.890811250000000        5.03859708333333      -0.268388924785989     
  0.890811250000000        5.33486750000000      -0.248108368673546     
  0.890811250000000        5.63113791666667      -0.229096240929173     
  0.890811250000000        5.92740833333333      -0.212262281829183     
  0.890811250000000        6.22367875000000      -0.197787936862004     
  0.890811250000000        6.51994916666667      -0.184881509581007     
  0.890811250000000        6.81621958333333      -0.171847959374447     
  0.890811250000000        7.11249000000000      -0.158437823519344     
   1.18708166666667       2.000000000000000E-003 -0.165886063476725     
   1.18708166666667       0.298270416666667      -0.180340544971071     
   1.18708166666667       0.594540833333333      -0.195714476868084     
   1.18708166666667       0.890811250000000      -0.212461564427204     
   1.18708166666667        1.18708166666667      -0.231670589341528     
   1.18708166666667        1.48335208333333      -0.254058684378993     
   1.18708166666667        1.77962250000000      -0.279559252379426     
   1.18708166666667        2.07589291666667      -0.307017024268158     
   1.18708166666667        2.37216333333333      -0.334531387741944     
   1.18708166666667        2.66843375000000      -0.360373711198506     
   1.18708166666667        2.96470416666667      -0.381945161571001     
   1.18708166666667        3.26097458333333      -0.396532520266071     
   1.18708166666667        3.55724500000000      -0.401849442454892     
   1.18708166666667        3.85351541666667      -0.396503177879054     
   1.18708166666667        4.14978583333333      -0.381889210603233     
   1.18708166666667        4.44605625000000      -0.360296012207655     
   1.18708166666667        4.74232666666667      -0.334436204852711     
   1.18708166666667        5.03859708333333      -0.306906448832646     
   1.18708166666667        5.33486750000000      -0.279433001732234     
   1.18708166666667        5.63113791666667      -0.253910865876560     
   1.18708166666667        5.92740833333333      -0.231494784865492     
   1.18708166666667        6.22367875000000      -0.212262376527723     
   1.18708166666667        6.51994916666667      -0.195518506450886     
   1.18708166666667        6.81621958333333      -0.180192955072123     
   1.18708166666667        7.11249000000000      -0.165814874314461     
   1.48335208333333       2.000000000000000E-003 -0.174017736483235     
   1.48335208333333       0.298270416666667      -0.190192254532847     
   1.48335208333333       0.594540833333333      -0.208332616918714     
   1.48335208333333       0.890811250000000      -0.229251648678288     
   1.48335208333333        1.18708166666667      -0.254058802579940     
   1.48335208333333        1.48335208333333      -0.283533234605019     
   1.48335208333333        1.77962250000000      -0.317533806007147     
   1.48335208333333        2.07589291666667      -0.354596787027504     
   1.48335208333333        2.37216333333333      -0.393130475877775     
   1.48335208333333        2.66843375000000      -0.430397531288294     
   1.48335208333333        2.96470416666667      -0.461997411779853     
   1.48335208333333        3.26097458333333      -0.483925921094535     
   1.48335208333333        3.55724500000000      -0.498469308616821     
   1.48335208333333        3.85351541666667      -0.483890782522744     
   1.48335208333333        4.14978583333333      -0.461930985060275     
   1.48335208333333        4.44605625000000      -0.430308776824751     
   1.48335208333333        4.74232666666667      -0.393027407470390     
   1.48335208333333        5.03859708333333      -0.354482589420058     
   1.48335208333333        5.33486750000000      -0.317409491296037     
   1.48335208333333        5.63113791666667      -0.283398266829877     
   1.48335208333333        5.92740833333333      -0.253911008665400     
   1.48335208333333        6.22367875000000      -0.229096474639315     
   1.48335208333333        6.51994916666667      -0.208187602052290     
   1.48335208333333        6.81621958333333      -0.190081086297793     
   1.48335208333333        7.11249000000000      -0.173952945562109     
   1.77962250000000       2.000000000000000E-003 -0.182741762232049     
   1.77962250000000       0.298270416666667      -0.201144749139195     
   1.77962250000000       0.594540833333333      -0.222558910114301     
   1.77962250000000       0.890811250000000      -0.248233888657512     
   1.77962250000000        1.18708166666667      -0.279559537132555     
   1.77962250000000        1.48335208333333      -0.317533979251573     
   1.77962250000000        1.77962250000000      -0.361959956469670     
   1.77962250000000        2.07589291666667      -0.412179402164252     
   1.77962250000000        2.37216333333333      -0.466077828027741     
   1.77962250000000        2.66843375000000      -0.520174841972674     
   1.77962250000000        2.96470416666667      -0.567416534664905     
   1.77962250000000        3.26097458333333      -0.600608128175363     
   1.77962250000000        3.55724500000000      -0.629694580419120     
   1.77962250000000        3.85351541666667      -0.600561753583642     
   1.77962250000000        4.14978583333333      -0.567329977271133     
   1.77962250000000        4.44605625000000      -0.520067381076104     
   1.77962250000000        4.74232666666667      -0.465961759496106     
   1.77962250000000        5.03859708333333      -0.412058727971849     
   1.77962250000000        5.33486750000000      -0.361837906765450     
   1.77962250000000        5.63113791666667      -0.317409762302486     
   1.77962250000000        5.92740833333333      -0.279433413772876     
   1.77962250000000        6.22367875000000      -0.248108813572912     
   1.77962250000000        6.51994916666667      -0.222444318041787     
   1.77962250000000        6.81621958333333      -0.201052707354468     
   1.77962250000000        7.11249000000000      -0.182678705216907     
   2.07589291666667       2.000000000000000E-003 -0.191599483791331     
   2.07589291666667       0.298270416666667      -0.212531548904477     
   2.07589291666667       0.594540833333333      -0.237565181679471     
   2.07589291666667       0.890811250000000      -0.268495003560539     
   2.07589291666667        1.18708166666667      -0.307017505530768     
   2.07589291666667        1.48335208333333      -0.354597169587123     
   2.07589291666667        1.77962250000000      -0.412179619679010     
   2.07589291666667        2.07589291666667      -0.480985724566064     
   2.07589291666667        2.37216333333333      -0.554982536552348     
   2.07589291666667        2.66843375000000      -0.632121673459638     
   2.07589291666667        2.96470416666667      -0.704765577956857     
   2.07589291666667        3.26097458333333      -0.754936400427756     
   2.07589291666667        3.55724500000000      -0.989360924058404     
   2.07589291666667        3.85351541666667      -0.754869636535622     
   2.07589291666667        4.14978583333333      -0.704644562091007     
   2.07589291666667        4.44605625000000      -0.631986294276764     
   2.07589291666667        4.74232666666667      -0.554840133567727     
   2.07589291666667        5.03859708333333      -0.480831043196872     
   2.07589291666667        5.33486750000000      -0.412059155726652     
   2.07589291666667        5.63113791666667      -0.354483266621505     
   2.07589291666667        5.92740833333333      -0.306907200579866     
   2.07589291666667        6.22367875000000      -0.268389638913678     
   2.07589291666667        6.51994916666667      -0.237469268828842     
   2.07589291666667        6.81621958333333      -0.212450739154763     
   2.07589291666667        7.11249000000000      -0.191537670640608     
   2.37216333333333       2.000000000000000E-003 -0.199951726492385     
   2.37216333333333       0.298270416666667      -0.223410709350111     
   2.37216333333333       0.594540833333333      -0.252133299107705     
   2.37216333333333       0.890811250000000      -0.288340474614414     
   2.37216333333333        1.18708166666667      -0.334532064162172     
   2.37216333333333        1.48335208333333      -0.393131080090699     
   2.37216333333333        1.77962250000000      -0.466078290565216     
   2.37216333333333        2.07589291666667      -0.554982789322393     
   2.37216333333333        2.37216333333333      -0.672516339024907     
   2.37216333333333        2.66843375000000      -0.768878437662954     
   2.37216333333333        2.96470416666667      -0.877379719735559     
   2.37216333333333        3.26097458333333      -0.956905215809178     
   2.37216333333333        3.55724500000000       -1.06924937483597     
   2.37216333333333        3.85351541666667      -0.956801716837182     
   2.37216333333333        4.14978583333333      -0.877212287828236     
   2.37216333333333        4.44605625000000      -0.768696110811281     
   2.37216333333333        4.74232666666667      -0.672249828624482     
   2.37216333333333        5.03859708333333      -0.554841007217120     
   2.37216333333333        5.33486750000000      -0.465962873377398     
   2.37216333333333        5.63113791666667      -0.393028616308499     
   2.37216333333333        5.92740833333333      -0.334437375465043     
   2.37216333333333        6.22367875000000      -0.288252329592639     
   2.37216333333333        6.51994916666667      -0.252053132727329     
   2.37216333333333        6.81621958333333      -0.223341267613582     
   2.37216333333333        7.11249000000000      -0.199895205290072     
   2.66843375000000       2.000000000000000E-003 -0.207268236742795     
   2.66843375000000       0.298270416666667      -0.233019327488362     
   2.66843375000000       0.594540833333333      -0.265166728973636     
   2.66843375000000       0.890811250000000      -0.306512235677977     
   2.66843375000000        1.18708166666667      -0.360374548188809     
   2.66843375000000        1.48335208333333      -0.430398340931717     
   2.66843375000000        1.77962250000000      -0.520175564049512     
   2.66843375000000        2.07589291666667      -0.632122203688963     
   2.66843375000000        2.37216333333333      -0.768878695738153     
   2.66843375000000        2.66843375000000      -0.971051691162632     
   2.66843375000000        2.96470416666667       -1.08175011842544     
   2.66843375000000        3.26097458333333       -1.21432064754376     
   2.66843375000000        3.55724500000000       -1.47196335504288     
   2.66843375000000        3.85351541666667       -1.21415374840081     
   2.66843375000000        4.14978583333333       -1.08152272849444     
   2.66843375000000        4.44605625000000      -0.970625726849348     
   2.66843375000000        4.74232666666667      -0.768697682526459     
   2.66843375000000        5.03859708333333      -0.631988170043100     
   2.66843375000000        5.33486750000000      -0.520069360200172     
   2.66843375000000        5.63113791666667      -0.430310684646031     
   2.66843375000000        5.92740833333333      -0.360297690398501     
   2.66843375000000        6.22367875000000      -0.306442312186015     
   2.66843375000000        6.51994916666667      -0.265103367929452     
   2.66843375000000        6.81621958333333      -0.232963720177989     
   2.66843375000000        7.11249000000000      -0.207221701993569     
   2.96470416666667       2.000000000000000E-003 -0.213131805725375     
   2.96470416666667       0.298270416666667      -0.240767504535700     
   2.96470416666667       0.594540833333333      -0.275772799478377     
   2.96470416666667       0.890811250000000      -0.321473723002209     
   2.96470416666667        1.18708166666667      -0.381946096829693     
   2.96470416666667        1.48335208333333      -0.461998354136897     
   2.96470416666667        1.77962250000000      -0.567417433895880     
   2.96470416666667        2.07589291666667      -0.704766341912063     
   2.96470416666667        2.37216333333333      -0.877380194759995     
   2.96470416666667        2.66843375000000       -1.08175023728604     
   2.96470416666667        2.96470416666667       -1.39152223789139     
   2.96470416666667        3.26097458333333       -1.49970215559122     
   2.96470416666667        3.55724500000000       -1.70312879391809     
   2.96470416666667        3.85351541666667       -1.49946851295119     
   2.96470416666667        4.14978583333333       -1.39102865910950     
   2.96470416666667        4.44605625000000       -1.08152523841557     
   2.96470416666667        4.74232666666667      -0.877215142504876     
   2.96470416666667        5.03859708333333      -0.704648074909848     
   2.96470416666667        5.33486750000000      -0.567333041814352     
   2.96470416666667        5.63113791666667      -0.461933576063029     
   2.96470416666667        5.92740833333333      -0.381891385932135     
   2.96470416666667        6.22367875000000      -0.321424746102097     
   2.96470416666667        6.51994916666667      -0.275728538538552     
   2.96470416666667        6.81621958333333      -0.240728376592919     
   2.96470416666667        7.11249000000000      -0.213098568032673     
   3.26097458333333       2.000000000000000E-003 -0.216978637788294     
   3.26097458333333       0.298270416666667      -0.245870409238464     
   3.26097458333333       0.594540833333333      -0.282790477171250     
   3.26097458333333       0.890811250000000      -0.331444359302949     
   3.26097458333333        1.18708166666667      -0.396533490478449     
   3.26097458333333        1.48335208333333      -0.483926940791792     
   3.26097458333333        1.77962250000000      -0.600609114437777     
   3.26097458333333        2.07589291666667      -0.754937231213910     
   3.26097458333333        2.37216333333333      -0.956905729014224     
   3.26097458333333        2.66843375000000       -1.21432066352973     
   3.26097458333333        2.96470416666667       -1.49970175631272     
   3.26097458333333        3.26097458333333       -1.79854892311559     
   3.26097458333333        3.55724500000000       -1.90083900075945     
   3.26097458333333        3.85351541666667       -1.79799207661000     
   3.26097458333333        4.14978583333333       -1.49947028455005     
   3.26097458333333        4.44605625000000       -1.21415974565831     
   3.26097458333333        4.74232666666667      -0.956807359990220     
   3.26097458333333        5.03859708333333      -0.754874238822079     
   3.26097458333333        5.33486750000000      -0.600565678287706     
   3.26097458333333        5.63113791666667      -0.483893914920408     
   3.26097458333333        5.92740833333333      -0.396505613404076     
   3.26097458333333        6.22367875000000      -0.331419440269941     
   3.26097458333333        6.51994916666667      -0.282767856035191     
   3.26097458333333        6.81621958333333      -0.245850300166104     
   3.26097458333333        7.11249000000000      -0.216961412577368     
   3.55724500000000       2.000000000000000E-003 -0.218318619044365     
   3.55724500000000       0.298270416666667      -0.247652568466386     
   3.55724500000000       0.594540833333333      -0.285248983098369     
   3.55724500000000       0.890811250000000      -0.334959393407936     
   3.55724500000000        1.18708166666667      -0.401850388983727     
   3.55724500000000        1.48335208333333      -0.498470892044390     
   3.55724500000000        1.77962250000000      -0.629696054475504     
   3.55724500000000        2.07589291666667      -0.989364267838619     
   3.55724500000000        2.37216333333333       -1.06925015181419     
   3.55724500000000        2.66843375000000       -1.47196300754879     
   3.55724500000000        2.96470416666667       -1.70312772175766     
   3.55724500000000        3.26097458333333       -1.90083848381183     
   3.55724500000000        3.55724500000000       -1.83576300459119     
   3.55724500000000        3.85351541666667       -1.89993443674562     
   3.55724500000000        4.14978583333333       -1.70314808024259     
   3.55724500000000        4.44605625000000       -1.47157932001251     
   3.55724500000000        4.74232666666667       -1.06919436611930     
   3.55724500000000        5.03859708333333      -0.991909008515777     
   3.55724500000000        5.33486750000000      -0.629699696771516     
   3.55724500000000        5.63113791666667      -0.498477172248001     
   3.55724500000000        5.92740833333333      -0.401852275812385     
   3.55724500000000        6.22367875000000      -0.334960570374870     
   3.55724500000000        6.51994916666667      -0.285249670318574     
   3.55724500000000        6.81621958333333      -0.247653069874058     
   3.55724500000000        7.11249000000000      -0.218318976153962     
   3.85351541666667       2.000000000000000E-003 -0.216960917756638     
   3.85351541666667       0.298270416666667      -0.245849684714997     
   3.85351541666667       0.594540833333333      -0.282767046932159     
   3.85351541666667       0.890811250000000      -0.331418231888791     
   3.85351541666667        1.18708166666667      -0.396504001680104     
   3.85351541666667        1.48335208333333      -0.483891675763101     
   3.85351541666667        1.77962250000000      -0.600562630948921     
   3.85351541666667        2.07589291666667      -0.754870384261132     
   3.85351541666667        2.37216333333333      -0.956802210878049     
   3.85351541666667        2.66843375000000       -1.21415388351686     
   3.85351541666667        2.96470416666667       -1.49946830688069     
   3.85351541666667        3.26097458333333       -1.79799193619294     
   3.85351541666667        3.55724500000000       -1.89993414708311     
   3.85351541666667        3.85351541666667       -1.79835311433625     
   3.85351541666667        4.14978583333333       -1.49971452207585     
   3.85351541666667        4.44605625000000       -1.21433121675756     
   3.85351541666667        4.74232666666667      -0.956913844532561     
   3.85351541666667        5.03859708333333      -0.754943149617068     
   3.85351541666667        5.33486750000000      -0.600613241549239     
   3.85351541666667        5.63113791666667      -0.483929783905341     
   3.85351541666667        5.92740833333333      -0.396535223239650     
   3.85351541666667        6.22367875000000      -0.331445426546482     
   3.85351541666667        6.51994916666667      -0.282791086541045     
   3.85351541666667        6.81621958333333      -0.245870741717210     
   3.85351541666667        7.11249000000000      -0.216978829647020     
   4.14978583333333       2.000000000000000E-003 -0.213097986991968     
   4.14978583333333       0.298270416666667      -0.240727707246980     
   4.14978583333333       0.594540833333333      -0.275727702682505     
   4.14978583333333       0.890811250000000      -0.321423654965409     
   4.14978583333333        1.18708166666667      -0.381889888206027     
   4.14978583333333        1.48335208333333      -0.461931702619183     
   4.14978583333333        1.77962250000000      -0.567330670555911     
   4.14978583333333        2.07589291666667      -0.704645165687684     
   4.14978583333333        2.37216333333333      -0.877212750127534     
   4.14978583333333        2.66843375000000       -1.08152301265005     
   4.14978583333333        2.96470416666667       -1.39102891470054     
   4.14978583333333        3.26097458333333       -1.49947017347210     
   4.14978583333333        3.55724500000000       -1.70314715982918     
   4.14978583333333        3.85351541666667       -1.49971424795483     
   4.14978583333333        4.14978583333333       -1.39166538954490     
   4.14978583333333        4.44605625000000       -1.08176093888919     
   4.14978583333333        4.74232666666667      -0.877388382006782     
   4.14978583333333        5.03859708333333      -0.704772068267122     
   4.14978583333333        5.33486750000000      -0.567421376555334     
   4.14978583333333        5.63113791666667      -0.462000834028244     
   4.14978583333333        5.92740833333333      -0.381947689294257     
   4.14978583333333        6.22367875000000      -0.321474667235267     
   4.14978583333333        6.51994916666667      -0.275773245775952     
   4.14978583333333        6.81621958333333      -0.240767651154451     
   4.14978583333333        7.11249000000000      -0.213131810236837     
   4.44605625000000       2.000000000000000E-003 -0.207221083781573     
   4.44605625000000       0.298270416666667      -0.232963064100713     
   4.44605625000000       0.594540833333333      -0.265102609029055     
   4.44605625000000       0.890811250000000      -0.306441364809205     
   4.44605625000000        1.18708166666667      -0.360296546827396     
   4.44605625000000        1.48335208333333      -0.430309346533506     
   4.44605625000000        1.77962250000000      -0.520067938639157     
   4.44605625000000        2.07589291666667      -0.631986797834681     
   4.44605625000000        2.37216333333333      -0.768696511652659     
   4.44605625000000        2.66843375000000      -0.970625800803340     
   4.44605625000000        2.96470416666667       -1.08152559621346     
   4.44605625000000        3.26097458333333       -1.21416003210956     
   4.44605625000000        3.55724500000000       -1.47157924241910     
   4.44605625000000        3.85351541666667       -1.21433141368829     
   4.44605625000000        4.14978583333333       -1.08176114645545     
   4.44605625000000        4.44605625000000      -0.971034259604993     
   4.44605625000000        4.74232666666667      -0.768885762028166     
   4.44605625000000        5.03859708333333      -0.632127364120336     
   4.44605625000000        5.33486750000000      -0.520179092186370     
   4.44605625000000        5.63113791666667      -0.430400612571091     
   4.44605625000000        5.92740833333333      -0.360375962488852     
   4.44605625000000        6.22367875000000      -0.306512977103853     
   4.44605625000000        6.51994916666667      -0.265167012264041     
   4.44605625000000        6.81621958333333      -0.233019321721677     
   4.44605625000000        7.11249000000000      -0.207268118346897     
   4.74232666666667       2.000000000000000E-003 -0.199894623813624     
   4.74232666666667       0.298270416666667      -0.223340678701803     
   4.74232666666667       0.594540833333333      -0.252052462928657     
   4.74232666666667       0.890811250000000      -0.288251609097629     
   4.74232666666667        1.18708166666667      -0.334436608547399     
   4.74232666666667        1.48335208333333      -0.393027848585114     
   4.74232666666667        1.77962250000000      -0.465962200301915     
   4.74232666666667        2.07589291666667      -0.554840505208289     
   4.74232666666667        2.37216333333333      -0.672249724381831     
   4.74232666666667        2.66843375000000      -0.768698136098974     
   4.74232666666667        2.96470416666667      -0.877215730700510     
   4.74232666666667        3.26097458333333      -0.956808032629793     
   4.74232666666667        3.55724500000000       -1.06919548883061     
   4.74232666666667        3.85351541666667      -0.956914547622666     
   4.74232666666667        4.14978583333333      -0.877388991472357     
   4.74232666666667        4.44605625000000      -0.768886073119705     
   4.74232666666667        4.74232666666667      -0.672521331975336     
   4.74232666666667        5.03859708333333      -0.554987171800382     
   4.74232666666667        5.33486750000000      -0.466081318706989     
   4.74232666666667        5.63113791666667      -0.393133011809822     
   4.74232666666667        5.92740833333333      -0.334533128447794     
   4.74232666666667        6.22367875000000      -0.288341022609254     
   4.74232666666667        6.51994916666667      -0.252133445529381     
   4.74232666666667        6.81621958333333      -0.223410605427344     
   4.74232666666667        7.11249000000000      -0.199951513953712     
   5.03859708333333       2.000000000000000E-003 -0.191537131633926     
   5.03859708333333       0.298270416666667      -0.212450223377125     
   5.03859708333333       0.594540833333333      -0.237468767918221     
   5.03859708333333       0.890811250000000      -0.268389145301016     
   5.03859708333333        1.18708166666667      -0.306906742807696     
   5.03859708333333        1.48335208333333      -0.354482926595347     
   5.03859708333333        1.77962250000000      -0.412059074770802     
   5.03859708333333        2.07589291666667      -0.480831071205630     
   5.03859708333333        2.37216333333333      -0.554841409850896     
   5.03859708333333        2.66843375000000      -0.631988755901881     
   5.03859708333333        2.96470416666667      -0.704648819215742     
   5.03859708333333        3.26097458333333      -0.754875160821704     
   5.03859708333333        3.55724500000000      -0.991913593160260     
   5.03859708333333        3.85351541666667      -0.754944154383285     
   5.03859708333333        4.14978583333333      -0.704772966572598     
   5.03859708333333        4.44605625000000      -0.632127971979245     
   5.03859708333333        4.74232666666667      -0.554987455678866     
   5.03859708333333        5.03859708333333      -0.480988685616863     
   5.03859708333333        5.33486750000000      -0.412182076937617     
   5.03859708333333        5.63113791666667      -0.354598767510254     
   5.03859708333333        5.92740833333333      -0.307018454736865     
   5.03859708333333        6.22367875000000      -0.268495345068152     
   5.03859708333333        6.51994916666667      -0.237565207791885     
   5.03859708333333        6.81621958333333      -0.212531377997894     
   5.03859708333333        7.11249000000000      -0.191599248298713     
   5.33486750000000       2.000000000000000E-003 -0.182678278369228     
   5.33486750000000       0.298270416666667      -0.201052293362581     
   5.33486750000000       0.594540833333333      -0.222443956470498     
   5.33486750000000       0.890811250000000      -0.248108524653682     
   5.33486750000000        1.18708166666667      -0.279433223378794     
   5.33486750000000        1.48335208333333      -0.317409759531408     
   5.33486750000000        1.77962250000000      -0.361838214485366     
   5.33486750000000        2.07589291666667      -0.412059518459714     
   5.33486750000000        2.37216333333333      -0.465963356283272     
   5.33486750000000        2.66843375000000      -0.520069999633342     
   5.33486750000000        2.96470416666667      -0.567333850472006     
   5.33486750000000        3.26097458333333      -0.600566702170045     
   5.33486750000000        3.55724500000000      -0.629701545611616     
   5.33486750000000        3.85351541666667      -0.600614373321365     
   5.33486750000000        4.14978583333333      -0.567422386003983     
   5.33486750000000        4.44605625000000      -0.520179894155206     
   5.33486750000000        4.74232666666667      -0.466081828473464     
   5.33486750000000        5.03859708333333      -0.412182316369216     
   5.33486750000000        5.33486750000000      -0.361962033157517     
   5.33486750000000        5.63113791666667      -0.317535316355615     
   5.33486750000000        5.92740833333333      -0.279560263789213     
   5.33486750000000        6.22367875000000      -0.248234141911111     
   5.33486750000000        6.51994916666667      -0.222558856238901     
   5.33486750000000        6.81621958333333      -0.201144536941865     
   5.33486750000000        7.11249000000000      -0.182741494860738     
   5.63113791666667       2.000000000000000E-003 -0.173952657923769     
   5.63113791666667       0.298270416666667      -0.190080822868665     
   5.63113791666667       0.594540833333333      -0.208187411689546     
   5.63113791666667       0.890811250000000      -0.229096391738155     
   5.63113791666667        1.18708166666667      -0.253911074405318     
   5.63113791666667        1.48335208333333      -0.283398504842161     
   5.63113791666667        1.77962250000000      -0.317410039725886     
   5.63113791666667        2.07589291666667      -0.354483623802117     
   5.63113791666667        2.37216333333333      -0.393029094299490     
   5.63113791666667        2.66843375000000      -0.430311313161674     
   5.63113791666667        2.96470416666667      -0.461934371684136     
   5.63113791666667        3.26097458333333      -0.483894913560309     
   5.63113791666667        3.55724500000000      -0.498479146674398     
   5.63113791666667        3.85351541666667      -0.483930912672675     
   5.63113791666667        4.14978583333333      -0.462001860731019     
   5.63113791666667        4.44605625000000      -0.430401491506394     
   5.63113791666667        4.74232666666667      -0.393133668635384     
   5.63113791666667        5.03859708333333      -0.354599188688258     
   5.63113791666667        5.33486750000000      -0.317535514997933     
   5.63113791666667        5.63113791666667      -0.283534354299252     
   5.63113791666667        5.92740833333333      -0.254059365020260     
   5.63113791666667        6.22367875000000      -0.229251787490252     
   5.63113791666667        6.51994916666667      -0.208332507612468     
   5.63113791666667        6.81621958333333      -0.190192017887528     
   5.63113791666667        7.11249000000000      -0.174017469549988     
   5.92740833333333       2.000000000000000E-003 -0.165814691399249     
   5.92740833333333       0.298270416666667      -0.180192781411662     
   5.92740833333333       0.594540833333333      -0.195518404365134     
   5.92740833333333       0.890811250000000      -0.212262414223964     
   5.92740833333333        1.18708166666667      -0.231494974252320     
   5.92740833333333        1.48335208333333      -0.253911229826424     
   5.92740833333333        1.77962250000000      -0.279433651938350     
   5.92740833333333        2.07589291666667      -0.306907510386579     
   5.92740833333333        2.37216333333333      -0.334437802375266     
   5.92740833333333        2.66843375000000      -0.360298260447690     
   5.92740833333333        2.96470416666667      -0.381892112545603     
   5.92740833333333        3.26097458333333      -0.396506502614716     
   5.92740833333333        3.55724500000000      -0.401853304603917     
   5.92740833333333        3.85351541666667      -0.396536267175345     
   5.92740833333333        4.14978583333333      -0.381948689047866     
   5.92740833333333        4.44605625000000      -0.360376856907604     
   5.92740833333333        4.74232666666667      -0.334533857659487     
   5.92740833333333        5.03859708333333      -0.307018991514364     
   5.92740833333333        5.33486750000000      -0.279560613896816     
   5.92740833333333        5.63113791666667      -0.254059531437142     
   5.92740833333333        5.92740833333333      -0.231670889885275     
   5.92740833333333        6.22367875000000      -0.212461587481874     
   5.92740833333333        6.51994916666667      -0.195714278626932     
   5.92740833333333        6.81621958333333      -0.180340324091734     
   5.92740833333333        7.11249000000000      -0.165885852953696     
   6.22367875000000       2.000000000000000E-003 -0.158437711745332     
   6.22367875000000       0.298270416666667      -0.171847801319908     
   6.22367875000000       0.594540833333333      -0.184881417940169     
   6.22367875000000       0.890811250000000      -0.197787996590533     
   6.22367875000000        1.18708166666667      -0.212262492561861     
   6.22367875000000        1.48335208333333      -0.229096634400572     
   6.22367875000000        1.77962250000000      -0.248108988829452     
   6.22367875000000        2.07589291666667      -0.268389865315737     
   6.22367875000000        2.37216333333333      -0.288252667464409     
   6.22367875000000        2.66843375000000      -0.306442783748356     
   6.22367875000000        2.96470416666667      -0.321425362021437     
   6.22367875000000        3.26097458333333      -0.331420198276680     
   6.22367875000000        3.55724500000000      -0.334961444260488     
   6.22367875000000        3.85351541666667      -0.331446361871732     
   6.22367875000000        4.14978583333333      -0.321475598612257     
   6.22367875000000        4.44605625000000      -0.306513837623553     
   6.22367875000000        4.74232666666667      -0.288341757254314     
   6.22367875000000        5.03859708333333      -0.268495930762108     
   6.22367875000000        5.33486750000000      -0.248234579138452     
   6.22367875000000        5.63113791666667      -0.229252065754791     
   6.22367875000000        5.92740833333333      -0.212461714376407     
   6.22367875000000        6.22367875000000      -0.198036999324879     
   6.22367875000000        6.51994916666667      -0.185153282836579     
   6.22367875000000        6.81621958333333      -0.172062074417094     
   6.22367875000000        7.11249000000000      -0.158524589055235     
   6.51994916666667       2.000000000000000E-003 -0.151780090116445     
   6.51994916666667       0.298270416666667      -0.165002044205298     
   6.51994916666667       0.594540833333333      -0.175645749733681     
   6.51994916666667       0.890811250000000      -0.184881464826032     
   6.51994916666667        1.18708166666667      -0.195518507263737     
   6.51994916666667        1.48335208333333      -0.208187649161404     
   6.51994916666667        1.77962250000000      -0.222444385351119     
   6.51994916666667        2.07589291666667      -0.237469371562595     
   6.51994916666667        2.37216333333333      -0.252053347580586     
   6.51994916666667        2.66843375000000      -0.265103706675333     
   6.51994916666667        2.96470416666667      -0.275729009404078     
   6.51994916666667        3.26097458333333      -0.282768459841579     
   6.51994916666667        3.55724500000000      -0.285250390618778     
   6.51994916666667        3.85351541666667      -0.282791884319981     
   6.51994916666667        4.14978583333333      -0.275774063554885     
   6.51994916666667        4.44605625000000      -0.265167786739812     
   6.51994916666667        4.74232666666667      -0.252134126509477     
   6.51994916666667        5.03859708333333      -0.237565779446555     
   6.51994916666667        5.33486750000000      -0.222559308790471     
   6.51994916666667        5.63113791666667      -0.208332831894305     
   6.51994916666667        5.92740833333333      -0.195714480336650     
   6.51994916666667        6.22367875000000      -0.185153377260989     
   6.51994916666667        6.51994916666667      -0.175994924843037     
   6.51994916666667        6.81621958333333      -0.165325608402490     
   6.51994916666667        7.11249000000000      -0.151908541254482     
   6.81621958333333       2.000000000000000E-003 -0.145125072851086     
   6.81621958333333       0.298270416666667      -0.157206552948310     
   6.81621958333333       0.594540833333333      -0.165002147849947     
   6.81621958333333       0.890811250000000      -0.171847850846969     
   6.81621958333333        1.18708166666667      -0.180192852335264     
   6.81621958333333        1.48335208333333      -0.190081006639620     
   6.81621958333333        1.77962250000000      -0.201052639616020     
   6.81621958333333        2.07589291666667      -0.212450701145216     
   6.81621958333333        2.37216333333333      -0.223341341017296     
   6.81621958333333        2.66843375000000      -0.232963907744015     
   6.81621958333333        2.96470416666667      -0.240728682725748     
   6.81621958333333        3.26097458333333      -0.245850730390799     
   6.81621958333333        3.55724500000000      -0.247653616556964     
   6.81621958333333        3.85351541666667      -0.245871375515099     
   6.81621958333333        4.14978583333333      -0.240768322666976     
   6.81621958333333        4.44605625000000      -0.233019973766015     
   6.81621958333333        4.74232666666667      -0.223411191883993     
   6.81621958333333        5.03859708333333      -0.212531881021628     
   6.81621958333333        5.33486750000000      -0.201144946226568     
   6.81621958333333        5.63113791666667      -0.190192329706729     
   6.81621958333333        5.92740833333333      -0.180340548944026     
   6.81621958333333        6.22367875000000      -0.172062232361276     
   6.81621958333333        6.51994916666667      -0.165325705786440     
   6.81621958333333        6.81621958333333      -0.157614325316171     
   6.81621958333333        7.11249000000000      -0.145343095473311     
   7.11249000000000       2.000000000000000E-003 -0.136638117831349     
   7.11249000000000       0.298270416666667      -0.145125084379598     
   7.11249000000000       0.594540833333333      -0.151780116641564     
   7.11249000000000       0.890811250000000      -0.158437702895709     
   7.11249000000000        1.18708166666667      -0.165814710358311     
   7.11249000000000        1.48335208333333      -0.173952763265420     
   7.11249000000000        1.77962250000000      -0.182678512810783     
   7.11249000000000        2.07589291666667      -0.191537501021984     
   7.11249000000000        2.37216333333333      -0.199895147028550     
   7.11249000000000        2.66843375000000      -0.207221745627980     
   7.11249000000000        2.96470416666667      -0.213098714632002     
   7.11249000000000        3.26097458333333      -0.216961672079902     
   7.11249000000000        3.55724500000000      -0.218319348571424     
   7.11249000000000        3.85351541666667      -0.216979294269935     
   7.11249000000000        4.14978583333333      -0.213132326205522     
   7.11249000000000        4.44605625000000      -0.207268635639649     
   7.11249000000000        4.74232666666667      -0.199951989221025     
   7.11249000000000        5.03859708333333      -0.191599657474935     
   7.11249000000000        5.33486750000000      -0.182741828625846     
   7.11249000000000        5.63113791666667      -0.174017731094748     
   7.11249000000000        5.92740833333333      -0.165886059647191     
   7.11249000000000        6.22367875000000      -0.158524775082650     
   7.11249000000000        6.51994916666667      -0.151908727599676     
   7.11249000000000        6.81621958333333      -0.145343211796215     
   7.11249000000000        7.11249000000000      -0.136893057378550     
