  2.000000000000000E-003  2.000000000000000E-003 -0.612641855842094     
  2.000000000000000E-003  0.298270416666667      -0.577017400296906     
  2.000000000000000E-003  0.594540833333333      -0.522475037897687     
  2.000000000000000E-003  0.890811250000000      -0.446542465814691     
  2.000000000000000E-003   1.18708166666667      -0.379897898802191     
  2.000000000000000E-003   1.48335208333333      -0.329129323604281     
  2.000000000000000E-003   1.77962250000000      -0.290354745371485     
  2.000000000000000E-003   2.07589291666667      -0.259555741413451     
  2.000000000000000E-003   2.37216333333333      -0.234223765030597     
  2.000000000000000E-003   2.66843375000000      -0.212636486311087     
  2.000000000000000E-003   2.96470416666667      -0.193732994378732     
  2.000000000000000E-003   3.26097458333333      -0.176860159699192     
  2.000000000000000E-003   3.55724500000000      -0.161609886295407     
  2.000000000000000E-003   3.85351541666667      -0.147744720515248     
  2.000000000000000E-003   4.14978583333333      -0.135151837679018     
  2.000000000000000E-003   4.44605625000000      -0.123777760339151     
  2.000000000000000E-003   4.74232666666667      -0.113587863353978     
  2.000000000000000E-003   5.03859708333333      -0.104568810856816     
  2.000000000000000E-003   5.33486750000000      -9.678595680177329E-002
  2.000000000000000E-003   5.63113791666667      -9.024937271574439E-002
  2.000000000000000E-003   5.92740833333333      -8.492484077774028E-002
  2.000000000000000E-003   6.22367875000000      -8.063336549935475E-002
  2.000000000000000E-003   6.51994916666667      -7.666834789858414E-002
  2.000000000000000E-003   6.81621958333333      -7.126426583620202E-002
  2.000000000000000E-003   7.11249000000000      -6.493135400676414E-002
  0.298270416666667       2.000000000000000E-003 -0.705065053609793     
  0.298270416666667       0.298270416666667      -0.607988983752203     
  0.298270416666667       0.594540833333333      -0.534228014104286     
  0.298270416666667       0.890811250000000      -0.467410758034207     
  0.298270416666667        1.18708166666667      -0.404942836424058     
  0.298270416666667        1.48335208333333      -0.353652276574390     
  0.298270416666667        1.77962250000000      -0.312376572653665     
  0.298270416666667        2.07589291666667      -0.278206413803077     
  0.298270416666667        2.37216333333333      -0.249273114507292     
  0.298270416666667        2.66843375000000      -0.224825093851209     
  0.298270416666667        2.96470416666667      -0.203636088187379     
  0.298270416666667        3.26097458333333      -0.184908705272511     
  0.298270416666667        3.55724500000000      -0.168161744614868     
  0.298270416666667        3.85351541666667      -0.153111153880995     
  0.298270416666667        4.14978583333333      -0.139593927126507     
  0.298270416666667        4.44605625000000      -0.127498892002454     
  0.298270416666667        4.74232666666667      -0.116730325175324     
  0.298270416666667        5.03859708333333      -0.107216212826510     
  0.298270416666667        5.33486750000000      -9.897720977803888E-002
  0.298270416666667        5.63113791666667      -9.199211586254703E-002
  0.298270416666667        5.92740833333333      -8.617389229991843E-002
  0.298270416666667        6.22367875000000      -8.124972462795288E-002
  0.298270416666667        6.51994916666667      -7.646939868918748E-002
  0.298270416666667        6.81621958333333      -7.093253853683049E-002
  0.298270416666667        7.11249000000000      -6.611406110685857E-002
  0.594540833333333       2.000000000000000E-003 -0.744623648563510     
  0.594540833333333       0.298270416666667      -0.669020776493808     
  0.594540833333333       0.594540833333333      -0.566517247153234     
  0.594540833333333       0.890811250000000      -0.490880793758259     
  0.594540833333333        1.18708166666667      -0.428647665981815     
  0.594540833333333        1.48335208333333      -0.376325384797039     
  0.594540833333333        1.77962250000000      -0.332399209650794     
  0.594540833333333        2.07589291666667      -0.294822616234763     
  0.594540833333333        2.37216333333333      -0.262629898312866     
  0.594540833333333        2.66843375000000      -0.235587528230795     
  0.594540833333333        2.96470416666667      -0.212307141740931     
  0.594540833333333        3.26097458333333      -0.191905563745495     
  0.594540833333333        3.55724500000000      -0.173828976462935     
  0.594540833333333        3.85351541666667      -0.157731277152555     
  0.594540833333333        4.14978583333333      -0.143388989225572     
  0.594540833333333        4.44605625000000      -0.130634892003339     
  0.594540833333333        4.74232666666667      -0.119321989172997     
  0.594540833333333        5.03859708333333      -0.109319285485689     
  0.594540833333333        5.33486750000000      -0.100589314012354     
  0.594540833333333        5.63113791666667      -9.306469470693222E-002
  0.594540833333333        5.92740833333333      -8.659087638740183E-002
  0.594540833333333        6.22367875000000      -8.085379365114639E-002
  0.594540833333333        6.51994916666667      -7.538160907703680E-002
  0.594540833333333        6.81621958333333      -7.017399054299842E-002
  0.594540833333333        7.11249000000000      -6.579719582937191E-002
  0.890811250000000       2.000000000000000E-003 -0.761691791003288     
  0.890811250000000       0.298270416666667      -0.711923462748092     
  0.890811250000000       0.594540833333333      -0.615711678777753     
  0.890811250000000       0.890811250000000      -0.528029088109125     
  0.890811250000000        1.18708166666667      -0.457020334718678     
  0.890811250000000        1.48335208333333      -0.398897133976638     
  0.890811250000000        1.77962250000000      -0.350243201455766     
  0.890811250000000        2.07589291666667      -0.308554263680923     
  0.890811250000000        2.37216333333333      -0.273653155128336     
  0.890811250000000        2.66843375000000      -0.244411258312355     
  0.890811250000000        2.96470416666667      -0.219393242307539     
  0.890811250000000        3.26097458333333      -0.197649824233491     
  0.890811250000000        3.55724500000000      -0.178534466260988     
  0.890811250000000        3.85351541666667      -0.161607355453130     
  0.890811250000000        4.14978583333333      -0.146578702568279     
  0.890811250000000        4.44605625000000      -0.133240962303659     
  0.890811250000000        4.74232666666667      -0.121420271784706     
  0.890811250000000        5.03859708333333      -0.110960478735166     
  0.890811250000000        5.33486750000000      -0.101752051045904     
  0.890811250000000        5.63113791666667      -9.372311286905420E-002
  0.890811250000000        5.92740833333333      -8.670914819028291E-002
  0.890811250000000        6.22367875000000      -8.047912388870762E-002
  0.890811250000000        6.51994916666667      -7.481651258138287E-002
  0.890811250000000        6.81621958333333      -6.971715551239428E-002
  0.890811250000000        7.11249000000000      -6.510137332239120E-002
   1.18708166666667       2.000000000000000E-003 -0.757413279849568     
   1.18708166666667       0.298270416666667      -0.723589146421140     
   1.18708166666667       0.594540833333333      -0.645147692370865     
   1.18708166666667       0.890811250000000      -0.558843055838977     
   1.18708166666667        1.18708166666667      -0.482261525917479     
   1.18708166666667        1.48335208333333      -0.417938831384441     
   1.18708166666667        1.77962250000000      -0.363967485615323     
   1.18708166666667        2.07589291666667      -0.318760403329243     
   1.18708166666667        2.37216333333333      -0.281791062327669     
   1.18708166666667        2.66843375000000      -0.250912509038681     
   1.18708166666667        2.96470416666667      -0.224672548881589     
   1.18708166666667        3.26097458333333      -0.202062164634895     
   1.18708166666667        3.55724500000000      -0.182311422662182     
   1.18708166666667        3.85351541666667      -0.164826283713447     
   1.18708166666667        4.14978583333333      -0.149265091246989     
   1.18708166666667        4.44605625000000      -0.135416680875320     
   1.18708166666667        4.74232666666667      -0.123114298262267     
   1.18708166666667        5.03859708333333      -0.112221828266431     
   1.18708166666667        5.33486750000000      -0.102598445331248     
   1.18708166666667        5.63113791666667      -9.415748226335319E-002
   1.18708166666667        5.92740833333333      -8.676569855391490E-002
   1.18708166666667        6.22367875000000      -8.025354389425837E-002
   1.18708166666667        6.51994916666667      -7.446094005227293E-002
   1.18708166666667        6.81621958333333      -6.925058496514548E-002
   1.18708166666667        7.11249000000000      -6.440844522588533E-002
   1.48335208333333       2.000000000000000E-003 -0.733692183067328     
   1.48335208333333       0.298270416666667      -0.709361633678580     
   1.48335208333333       0.594540833333333      -0.647009733522356     
   1.48335208333333       0.890811250000000      -0.570165871015522     
   1.48335208333333        1.18708166666667      -0.494744972685625     
   1.48335208333333        1.48335208333333      -0.427756736764372     
   1.48335208333333        1.77962250000000      -0.370868295985707     
   1.48335208333333        2.07589291666667      -0.324637899792144     
   1.48335208333333        2.37216333333333      -0.286552186953503     
   1.48335208333333        2.66843375000000      -0.254865084518319     
   1.48335208333333        2.96470416666667      -0.228088013134171     
   1.48335208333333        3.26097458333333      -0.205225882337886     
   1.48335208333333        3.55724500000000      -0.186037609317456     
   1.48335208333333        3.85351541666667      -0.167577658345276     
   1.48335208333333        4.14978583333333      -0.151591663580256     
   1.48335208333333        4.44605625000000      -0.137273650769753     
   1.48335208333333        4.74232666666667      -0.124478236834119     
   1.48335208333333        5.03859708333333      -0.113163908667867     
   1.48335208333333        5.33486750000000      -0.103203946941433     
   1.48335208333333        5.63113791666667      -9.444629560962849E-002
   1.48335208333333        5.92740833333333      -8.678016058306473E-002
   1.48335208333333        6.22367875000000      -8.006501097114878E-002
   1.48335208333333        6.51994916666667      -7.413055100142711E-002
   1.48335208333333        6.81621958333333      -6.877872405021734E-002
   1.48335208333333        7.11249000000000      -6.379989203517442E-002
   1.77962250000000       2.000000000000000E-003 -0.693036612000610     
   1.77962250000000       0.298270416666667      -0.675053533566968     
   1.77962250000000       0.594540833333333      -0.625298790608028     
   1.77962250000000       0.890811250000000      -0.559172148284843     
   1.77962250000000        1.18708166666667      -0.489639685189447     
   1.77962250000000        1.48335208333333      -0.425238124515924     
   1.77962250000000        1.77962250000000      -0.371082939257752     
   1.77962250000000        2.07589291666667      -0.325704801415404     
   1.77962250000000        2.37216333333333      -0.287619948789966     
   1.77962250000000        2.66843375000000      -0.256052976311043     
   1.77962250000000        2.96470416666667      -0.229630926640936     
   1.77962250000000        3.26097458333333      -0.207248865708604     
   1.77962250000000        3.55724500000000      -0.189852306062688     
   1.77962250000000        3.85351541666667      -0.170034640454172     
   1.77962250000000        4.14978583333333      -0.153699558354530     
   1.77962250000000        4.44605625000000      -0.138861913602366     
   1.77962250000000        4.74232666666667      -0.125509242414274     
   1.77962250000000        5.03859708333333      -0.113770314404190     
   1.77962250000000        5.33486750000000      -0.103554049790331     
   1.77962250000000        5.63113791666667      -9.459044964132259E-002
   1.77962250000000        5.92740833333333      -8.672749181744679E-002
   1.77962250000000        6.22367875000000      -7.985559955714651E-002
   1.77962250000000        6.51994916666667      -7.379864616333942E-002
   1.77962250000000        6.81621958333333      -6.834653952523341E-002
   1.77962250000000        7.11249000000000      -6.330136167033770E-002
   2.07589291666667       2.000000000000000E-003 -0.637293116078373     
   2.07589291666667       0.298270416666667      -0.622512744452051     
   2.07589291666667       0.594540833333333      -0.583271089525190     
   2.07589291666667       0.890811250000000      -0.528010305276836     
   2.07589291666667        1.18708166666667      -0.469723048419570     
   2.07589291666667        1.48335208333333      -0.414429131454345     
   2.07589291666667        1.77962250000000      -0.364795691194804     
   2.07589291666667        2.07589291666667      -0.323802903816226     
   2.07589291666667        2.37216333333333      -0.285267559169490     
   2.07589291666667        2.66843375000000      -0.254376302935696     
   2.07589291666667        2.96470416666667      -0.229212255262570     
   2.07589291666667        3.26097458333333      -0.208148652505046     
   2.07589291666667        3.55724500000000      -0.208443336491557     
   2.07589291666667        3.85351541666667      -0.172265430330324     
   2.07589291666667        4.14978583333333      -0.155633391696997     
   2.07589291666667        4.44605625000000      -0.140059075146428     
   2.07589291666667        4.74232666666667      -0.126063305957402     
   2.07589291666667        5.03859708333333      -0.113291901065655     
   2.07589291666667        5.33486750000000      -0.103662384020696     
   2.07589291666667        5.63113791666667      -9.455535406896604E-002
   2.07589291666667        5.92740833333333      -8.656332230743838E-002
   2.07589291666667        6.22367875000000      -7.958537443317192E-002
   2.07589291666667        6.51994916666667      -7.344974110647809E-002
   2.07589291666667        6.81621958333333      -6.795203860542326E-002
   2.07589291666667        7.11249000000000      -6.288863438253874E-002
   2.37216333333333       2.000000000000000E-003 -0.571749827167654     
   2.37216333333333       0.298270416666667      -0.561382937485841     
   2.37216333333333       0.594540833333333      -0.532747219659890     
   2.37216333333333       0.890811250000000      -0.491699120098806     
   2.37216333333333        1.18708166666667      -0.444668010611241     
   2.37216333333333        1.48335208333333      -0.396927577664658     
   2.37216333333333        1.77962250000000      -0.352278848252516     
   2.37216333333333        2.07589291666667      -0.313082831521634     
   2.37216333333333        2.37216333333333      -0.282637025255595     
   2.37216333333333        2.66843375000000      -0.250460885447247     
   2.37216333333333        2.96470416666667      -0.226960831432861     
   2.37216333333333        3.26097458333333      -0.208050543413556     
   2.37216333333333        3.55724500000000      -0.196891256005832     
   2.37216333333333        3.85351541666667      -0.174423690659610     
   2.37216333333333        4.14978583333333      -0.157207796736674     
   2.37216333333333        4.44605625000000      -0.140688249815915     
   2.37216333333333        4.74232666666667      -0.125176523371151     
   2.37216333333333        5.03859708333333      -0.114131970032663     
   2.37216333333333        5.33486750000000      -0.103593555984190     
   2.37216333333333        5.63113791666667      -9.431949014449223E-002
   2.37216333333333        5.92740833333333      -8.623423607666922E-002
   2.37216333333333        6.22367875000000      -7.919372243431827E-002
   2.37216333333333        6.51994916666667      -7.303123722336384E-002
   2.37216333333333        6.81621958333333      -6.753532293205523E-002
   2.37216333333333        7.11249000000000      -6.250031898025583E-002
   2.66843375000000       2.000000000000000E-003 -0.516245266397775     
   2.66843375000000       0.298270416666667      -0.508456205457610     
   2.66843375000000       0.594540833333333      -0.486404030291334     
   2.66843375000000       0.890811250000000      -0.453569424856620     
   2.66843375000000        1.18708166666667      -0.414462863083056     
   2.66843375000000        1.48335208333333      -0.373613784142043     
   2.66843375000000        1.77962250000000      -0.335020747156973     
   2.66843375000000        2.07589291666667      -0.300536507771300     
   2.66843375000000        2.37216333333333      -0.270522738948323     
   2.66843375000000        2.66843375000000      -0.245196248581078     
   2.66843375000000        2.96470416666667      -0.223417913133888     
   2.66843375000000        3.26097458333333      -0.207084626098718     
   2.66843375000000        3.55724500000000      -0.205278705984624     
   2.66843375000000        3.85351541666667      -0.176574292853817     
   2.66843375000000        4.14978583333333      -0.157990449316985     
   2.66843375000000        4.44605625000000      -0.139829517510909     
   2.66843375000000        4.74232666666667      -0.126609576938920     
   2.66843375000000        5.03859708333333      -0.114109517387373     
   2.66843375000000        5.33486750000000      -0.103187568772375     
   2.66843375000000        5.63113791666667      -9.381823092262730E-002
   2.66843375000000        5.92740833333333      -8.570629306232913E-002
   2.66843375000000        6.22367875000000      -7.864303948513457E-002
   2.66843375000000        6.51994916666667      -7.248399326721236E-002
   2.66843375000000        6.81621958333333      -6.702045755902745E-002
   2.66843375000000        7.11249000000000      -6.203579818617216E-002
   2.96470416666667       2.000000000000000E-003 -0.462525459515531     
   2.96470416666667       0.298270416666667      -0.456340075276422     
   2.96470416666667       0.594540833333333      -0.438687800209655     
   2.96470416666667       0.890811250000000      -0.412081649172241     
   2.96470416666667        1.18708166666667      -0.380046845928886     
   2.96470416666667        1.48335208333333      -0.346398099263073     
   2.96470416666667        1.77962250000000      -0.314618754035705     
   2.96470416666667        2.07589291666667      -0.286495909240621     
   2.96470416666667        2.37216333333333      -0.261429693621591     
   2.96470416666667        2.66843375000000      -0.238959288071329     
   2.96470416666667        2.96470416666667      -0.217749201100762     
   2.96470416666667        3.26097458333333      -0.205007940970234     
   2.96470416666667        3.55724500000000      -0.201392838893870     
   2.96470416666667        3.85351541666667      -0.177579305228682     
   2.96470416666667        4.14978583333333      -0.157262751496687     
   2.96470416666667        4.44605625000000      -0.141735559701705     
   2.96470416666667        4.74232666666667      -0.126843979228389     
   2.96470416666667        5.03859708333333      -0.113662475554426     
   2.96470416666667        5.33486750000000      -0.102499223589538     
   2.96470416666667        5.63113791666667      -9.304777369092455E-002
   2.96470416666667        5.92740833333333      -8.490826661025391E-002
   2.96470416666667        6.22367875000000      -7.786645692881353E-002
   2.96470416666667        6.51994916666667      -7.175888697955352E-002
   2.96470416666667        6.81621958333333      -6.636468760660623E-002
   2.96470416666667        7.11249000000000      -6.145514326696447E-002
   3.26097458333333       2.000000000000000E-003 -0.408813906423238     
   3.26097458333333       0.298270416666667      -0.403934359548731     
   3.26097458333333       0.594540833333333      -0.390029472436699     
   3.26097458333333       0.890811250000000      -0.369108455729356     
   3.26097458333333        1.18708166666667      -0.344128463039605     
   3.26097458333333        1.48335208333333      -0.318219086599646     
   3.26097458333333        1.77962250000000      -0.293130014574826     
   3.26097458333333        2.07589291666667      -0.270342846475199     
   3.26097458333333        2.37216333333333      -0.250573904378243     
   3.26097458333333        2.66843375000000      -0.233678320671502     
   3.26097458333333        2.96470416666667      -0.218105817094021     
   3.26097458333333        3.26097458333333      -0.199468814133253     
   3.26097458333333        3.55724500000000      -0.196401109556007     
   3.26097458333333        3.85351541666667      -0.174699769299202     
   3.26097458333333        4.14978583333333      -0.159677786776153     
   3.26097458333333        4.44605625000000      -0.142470346743940     
   3.26097458333333        4.74232666666667      -0.126381670250217     
   3.26097458333333        5.03859708333333      -0.112721447810285     
   3.26097458333333        5.33486750000000      -0.101324654658530     
   3.26097458333333        5.63113791666667      -9.179979763219481E-002
   3.26097458333333        5.92740833333333      -8.370336003113264E-002
   3.26097458333333        6.22367875000000      -7.676191884725718E-002
   3.26097458333333        6.51994916666667      -7.077593129895253E-002
   3.26097458333333        6.81621958333333      -6.550200249754315E-002
   3.26097458333333        7.11249000000000      -6.070081116292294E-002
   3.55724500000000       2.000000000000000E-003 -0.358032901788987     
   3.55724500000000       0.298270416666667      -0.354314837997871     
   3.55724500000000       0.594540833333333      -0.343767158563969     
   3.55724500000000       0.890811250000000      -0.327992610276712     
   3.55724500000000        1.18708166666667      -0.309688738726486     
   3.55724500000000        1.48335208333333      -0.304752224176339     
   3.55724500000000        1.77962250000000      -0.281789378843517     
   3.55724500000000        2.07589291666667      -0.306532477929260     
   3.55724500000000        2.37216333333333      -0.247687152210021     
   3.55724500000000        2.66843375000000      -0.241232843039366     
   3.55724500000000        2.96470416666667      -0.221355905038032     
   3.55724500000000        3.26097458333333      -0.206170118905713     
   3.55724500000000        3.55724500000000      -0.182741762232048     
   3.55724500000000        3.85351541666667      -0.178745750222752     
   3.55724500000000        4.14978583333333      -0.167835561965128     
   3.55724500000000        4.44605625000000      -0.156504554712285     
   3.55724500000000        4.74232666666667      -0.129667825520274     
   3.55724500000000        5.03859708333333      -0.121598068874945     
   3.55724500000000        5.33486750000000      -9.920107963160506E-002
   3.55724500000000        5.63113791666667      -8.988915257788874E-002
   3.55724500000000        5.92740833333333      -8.196545544840231E-002
   3.55724500000000        6.22367875000000      -7.524333061142409E-002
   3.55724500000000        6.51994916666667      -6.946600456484067E-002
   3.55724500000000        6.81621958333333      -6.437015138180438E-002
   3.55724500000000        7.11249000000000      -5.971494445024278E-002
   3.85351541666667       2.000000000000000E-003 -0.313520626234265     
   3.85351541666667       0.298270416666667      -0.310800704043000     
   3.85351541666667       0.594540833333333      -0.303065394888265     
   3.85351541666667       0.890811250000000      -0.291438053673115     
   3.85351541666667        1.18708166666667      -0.277583063199810     
   3.85351541666667        1.48335208333333      -0.263160343325824     
   3.85351541666667        1.77962250000000      -0.248568684480684     
   3.85351541666667        2.07589291666667      -0.234479997774965     
   3.85351541666667        2.37216333333333      -0.221441893735277     
   3.85351541666667        2.66843375000000      -0.209231919589306     
   3.85351541666667        2.96470416666667      -0.197031469108754     
   3.85351541666667        3.26097458333333      -0.183517791597518     
   3.85351541666667        3.55724500000000      -0.180593595046752     
   3.85351541666667        3.85351541666667      -0.152761289792781     
   3.85351541666667        4.14978583333333      -0.143997713706194     
   3.85351541666667        4.44605625000000      -0.130579809794920     
   3.85351541666667        4.74232666666667      -0.117279667416554     
   3.85351541666667        5.03859708333333      -0.105564706901108     
   3.85351541666667        5.33486750000000      -9.554770820584822E-002
   3.85351541666667        5.63113791666667      -8.700209051193830E-002
   3.85351541666667        5.92740833333333      -7.963951385478896E-002
   3.85351541666667        6.22367875000000      -7.329800428947342E-002
   3.85351541666667        6.51994916666667      -6.781255132330036E-002
   3.85351541666667        6.81621958333333      -6.294537783222841E-002
   3.85351541666667        7.11249000000000      -5.846936306545291E-002
   4.14978583333333       2.000000000000000E-003 -0.276830180985388     
   4.14978583333333       0.298270416666667      -0.274855865782849     
   4.14978583333333       0.594540833333333      -0.269192578357003     
   4.14978583333333       0.890811250000000      -0.260549061689671     
   4.14978583333333        1.18708166666667      -0.249928710497818     
   4.14978583333333        1.48335208333333      -0.238379180625656     
   4.14978583333333        1.77962250000000      -0.226731095504248     
   4.14978583333333        2.07589291666667      -0.215418297279845     
   4.14978583333333        2.37216333333333      -0.204245212723347     
   4.14978583333333        2.66843375000000      -0.192903283107592     
   4.14978583333333        2.96470416666667      -0.179595302917461     
   4.14978583333333        3.26097458333333      -0.174917470616783     
   4.14978583333333        3.55724500000000      -0.173147394921192     
   4.14978583333333        3.85351541666667      -0.145841739049033     
   4.14978583333333        4.14978583333333      -0.125785124388991     
   4.14978583333333        4.44605625000000      -0.119537837269113     
   4.14978583333333        4.74232666666667      -0.109409674988944     
   4.14978583333333        5.03859708333333      -9.974037936961951E-002
   4.14978583333333        5.33486750000000      -9.122272596316511E-002
   4.14978583333333        5.63113791666667      -8.364662810637913E-002
   4.14978583333333        5.92740833333333      -7.689761861261864E-002
   4.14978583333333        6.22367875000000      -7.100972845949750E-002
   4.14978583333333        6.51994916666667      -6.586855728738762E-002
   4.14978583333333        6.81621958333333      -6.126117539043315E-002
   4.14978583333333        7.11249000000000      -5.698562712626656E-002
   4.44605625000000       2.000000000000000E-003 -0.247266301633457     
   4.44605625000000       0.298270416666667      -0.245762384145037     
   4.44605625000000       0.594540833333333      -0.241417518636297     
   4.44605625000000       0.890811250000000      -0.234692854097773     
   4.44605625000000        1.18708166666667      -0.226250931793560     
   4.44605625000000        1.48335208333333      -0.216829772883103     
   4.44605625000000        1.77962250000000      -0.207076425090301     
   4.44605625000000        2.07589291666667      -0.197231318466044     
   4.44605625000000        2.37216333333333      -0.187361407199708     
   4.44605625000000        2.66843375000000      -0.177322587534353     
   4.44605625000000        2.96470416666667      -0.169124530275808     
   4.44605625000000        3.26097458333333      -0.161611118175133     
   4.44605625000000        3.55724500000000      -0.164160548437439     
   4.44605625000000        3.85351541666667      -0.135949346101853     
   4.44605625000000        4.14978583333333      -0.121876932977623     
   4.44605625000000        4.44605625000000      -0.106341326084794     
   4.44605625000000        4.74232666666667      -0.101920793568717     
   4.44605625000000        5.03859708333333      -9.421583353816794E-002
   4.44605625000000        5.33486750000000      -8.683884734497846E-002
   4.44605625000000        5.63113791666667      -8.006809948840558E-002
   4.44605625000000        5.92740833333333      -7.392788102345253E-002
   4.44605625000000        6.22367875000000      -6.851589348034100E-002
   4.44605625000000        6.51994916666667      -6.373601259816161E-002
   4.44605625000000        6.81621958333333      -5.939834449191794E-002
   4.44605625000000        7.11249000000000      -5.533254339118573E-002
   4.74232666666667       2.000000000000000E-003 -0.222992507418840     
   4.74232666666667       0.298270416666667      -0.221735813702664     
   4.74232666666667       0.594540833333333      -0.218108416505946     
   4.74232666666667       0.890811250000000      -0.212482199088068     
   4.74232666666667        1.18708166666667      -0.205369261499878     
   4.74232666666667        1.48335208333333      -0.197322598340839     
   4.74232666666667        1.77962250000000      -0.188832755336213     
   4.74232666666667        2.07589291666667      -0.180251704298372     
   4.74232666666667        2.37216333333333      -0.172029697256161     
   4.74232666666667        2.66843375000000      -0.163495456936103     
   4.74232666666667        2.96470416666667      -0.155948651803685     
   4.74232666666667        3.26097458333333      -0.147835413996999     
   4.74232666666667        3.55724500000000      -0.142790382682854     
   4.74232666666667        3.85351541666667      -0.126181583259179     
   4.74232666666667        4.14978583333333      -0.114375638197272     
   4.74232666666667        4.44605625000000      -0.104304692925635     
   4.74232666666667        4.74232666666667      -9.216653478451675E-002
   4.74232666666667        5.03859708333333      -8.886717082412764E-002
   4.74232666666667        5.33486750000000      -8.256395786489598E-002
   4.74232666666667        5.63113791666667      -7.645599736301090E-002
   4.74232666666667        5.92740833333333      -7.089463990912936E-002
   4.74232666666667        6.22367875000000      -6.594605537621695E-002
   4.74232666666667        6.51994916666667      -6.151847401972633E-002
   4.74232666666667        6.81621958333333      -5.744998635973880E-002
   4.74232666666667        7.11249000000000      -5.360172330194667E-002
   5.03859708333333       2.000000000000000E-003 -0.202567967480195     
   5.03859708333333       0.298270416666667      -0.201384863545594     
   5.03859708333333       0.594540833333333      -0.198035051826027     
   5.03859708333333       0.890811250000000      -0.192933012696608     
   5.03859708333333        1.18708166666667      -0.186610635034303     
   5.03859708333333        1.48335208333333      -0.179534479954518     
   5.03859708333333        1.77962250000000      -0.172106316846843     
   5.03859708333333        2.07589291666667      -0.164819885613437     
   5.03859708333333        2.37216333333333      -0.157261704749505     
   5.03859708333333        2.66843375000000      -0.150127165773225     
   5.03859708333333        2.96470416666667      -0.143123457279713     
   5.03859708333333        3.26097458333333      -0.135378820458460     
   5.03859708333333        3.55724500000000      -0.136660174703494     
   5.03859708333333        3.85351541666667      -0.117132975819787     
   5.03859708333333        4.14978583333333      -0.107257792700236     
   5.03859708333333        4.44605625000000      -9.878783976328494E-002
   5.03859708333333        4.74232666666667      -9.099807104447429E-002
   5.03859708333333        5.03859708333333      -8.382300651922464E-002
   5.03859708333333        5.33486750000000      -7.850816477416482E-002
   5.03859708333333        5.63113791666667      -7.295921027820863E-002
   5.03859708333333        5.92740833333333      -6.790421996555647E-002
   5.03859708333333        6.22367875000000      -6.336684305178940E-002
   5.03859708333333        6.51994916666667      -5.926716263094364E-002
   5.03859708333333        6.81621958333333      -5.547668901521645E-002
   5.03859708333333        7.11249000000000      -5.186916080173920E-002
   5.33486750000000       2.000000000000000E-003 -0.185144942516570     
   5.33486750000000       0.298270416666667      -0.183969242601184     
   5.33486750000000       0.594540833333333      -0.180654451436445     
   5.33486750000000       0.890811250000000      -0.175778991941315     
   5.33486750000000        1.18708166666667      -0.169940334744231     
   5.33486750000000        1.48335208333333      -0.163605925531051     
   5.33486750000000        1.77962250000000      -0.157087041956839     
   5.33486750000000        2.07589291666667      -0.150576556504917     
   5.33486750000000        2.37216333333333      -0.144178736776312     
   5.33486750000000        2.66843375000000      -0.137938056520274     
   5.33486750000000        2.96470416666667      -0.131475719535900     
   5.33486750000000        3.26097458333333      -0.124468544132150     
   5.33486750000000        3.55724500000000      -0.117153770535104     
   5.33486750000000        3.85351541666667      -0.108920863316578     
   5.33486750000000        4.14978583333333      -0.100728028725684     
   5.33486750000000        4.44605625000000      -9.323843580829907E-002
   5.33486750000000        4.74232666666667      -8.649714866784461E-002
   5.33486750000000        5.03859708333333      -8.031744218233831E-002
   5.33486750000000        5.33486750000000      -7.472735989280202E-002
   5.33486750000000        5.63113791666667      -6.961636391346746E-002
   5.33486750000000        5.92740833333333      -6.495975867038110E-002
   5.33486750000000        6.22367875000000      -6.076131343875273E-002
   5.33486750000000        6.51994916666667      -5.696802774316380E-002
   5.33486750000000        6.81621958333333      -5.346118413746324E-002
   5.33486750000000        7.11249000000000      -5.011387769931690E-002
   5.63113791666667       2.000000000000000E-003 -0.170164453795668     
   5.63113791666667       0.298270416666667      -0.168927794010330     
   5.63113791666667       0.594540833333333      -0.165564349454540     
   5.63113791666667       0.890811250000000      -0.160835955820629     
   5.63113791666667        1.18708166666667      -0.155415921743279     
   5.63113791666667        1.48335208333333      -0.149733186399541     
   5.63113791666667        1.77962250000000      -0.143986219857662     
   5.63113791666667        2.07589291666667      -0.138284200508314     
   5.63113791666667        2.37216333333333      -0.132660869067531     
   5.63113791666667        2.66843375000000      -0.127057384173948     
   5.63113791666667        2.96470416666667      -0.121215359674049     
   5.63113791666667        3.26097458333333      -0.114963320946518     
   5.63113791666667        3.55724500000000      -0.107387363870627     
   5.63113791666667        3.85351541666667      -0.101485729032941     
   5.63113791666667        4.14978583333333      -9.456829934007677E-002
   5.63113791666667        4.44605625000000      -8.795116953783250E-002
   5.63113791666667        4.74232666666667      -8.186405791507191E-002
   5.63113791666667        5.03859708333333      -7.626112669917012E-002
   5.63113791666667        5.33486750000000      -7.112565271822577E-002
   5.63113791666667        5.63113791666667      -6.639245773538520E-002
   5.63113791666667        5.92740833333333      -6.205524943136676E-002
   5.63113791666667        6.22367875000000      -5.814686875359584E-002
   5.63113791666667        6.51994916666667      -5.463595744037981E-002
   5.63113791666667        6.81621958333333      -5.141219145796932E-002
   5.63113791666667        7.11249000000000      -4.833215566270600E-002
   5.92740833333333       2.000000000000000E-003 -0.157275352213714     
   5.92740833333333       0.298270416666667      -0.155923243318449     
   5.92740833333333       0.594540833333333      -0.152442275854929     
   5.92740833333333       0.890811250000000      -0.147841658208031     
   5.92740833333333        1.18708166666667      -0.142831288377599     
   5.92740833333333        1.48335208333333      -0.137738038347376     
   5.92740833333333        1.77962250000000      -0.132654872815644     
   5.92740833333333        2.07589291666667      -0.127580585419565     
   5.92740833333333        2.37216333333333      -0.122527166776095     
   5.92740833333333        2.66843375000000      -0.117431902353507     
   5.92740833333333        2.96470416666667      -0.112161713067070     
   5.92740833333333        3.26097458333333      -0.106605166274099     
   5.92740833333333        3.55724500000000      -0.100745893110915     
   5.92740833333333        3.85351541666667      -9.476654381143908E-002
   5.92740833333333        4.14978583333333      -8.874559699193360E-002
   5.92740833333333        4.44605625000000      -8.291889762943598E-002
   5.92740833333333        4.74232666666667      -7.746106692961141E-002
   5.92740833333333        5.03859708333333      -7.240860436057660E-002
   5.92740833333333        5.33486750000000      -6.770950375005759E-002
   5.92740833333333        5.63113791666667      -6.330822923178936E-002
   5.92740833333333        5.92740833333333      -5.924762947918982E-002
   5.92740833333333        6.22367875000000      -5.557156556785701E-002
   5.92740833333333        6.51994916666667      -5.229019115013245E-002
   5.92740833333333        6.81621958333333      -4.932747238643868E-002
   5.92740833333333        7.11249000000000      -4.650540292057130E-002
   6.22367875000000       2.000000000000000E-003 -0.146112221863289     
   6.22367875000000       0.298270416666667      -0.144535744204833     
   6.22367875000000       0.594540833333333      -0.140891572781269     
   6.22367875000000       0.890811250000000      -0.136473904814301     
   6.22367875000000        1.18708166666667      -0.131837671255639     
   6.22367875000000        1.48335208333333      -0.127205323107624     
   6.22367875000000        1.77962250000000      -0.122622934250113     
   6.22367875000000        2.07589291666667      -0.118033534763584     
   6.22367875000000        2.37216333333333      -0.113422386268063     
   6.22367875000000        2.66843375000000      -0.108772088066839     
   6.22367875000000        2.96470416666667      -0.104011237552806     
   6.22367875000000        3.26097458333333      -9.906812485339708E-002
   6.22367875000000        3.55724500000000      -9.392722280580670E-002
   6.22367875000000        3.85351541666667      -8.865366264638143E-002
   6.22367875000000        4.14978583333333      -8.337099046254291E-002
   6.22367875000000        4.44605625000000      -7.823637601813849E-002
   6.22367875000000        4.74232666666667      -7.337261998762520E-002
   6.22367875000000        5.03859708333333      -6.881201579117893E-002
   6.22367875000000        5.33486750000000      -6.449558529286065E-002
   6.22367875000000        5.63113791666667      -6.040739053936720E-002
   6.22367875000000        5.92740833333333      -5.658960207343042E-002
   6.22367875000000        6.22367875000000      -5.308375228821409E-002
   6.22367875000000        6.51994916666667      -4.995201245410323E-002
   6.22367875000000        6.81621958333333      -4.719606969697555E-002
   6.22367875000000        7.11249000000000      -4.460565999641525E-002
   6.51994916666667       2.000000000000000E-003 -0.136427587246682     
   6.51994916666667       0.298270416666667      -0.134403504987700     
   6.51994916666667       0.594540833333333      -0.130691305731103     
   6.51994916666667       0.890811250000000      -0.126505634195065     
   6.51994916666667        1.18708166666667      -0.122087933506345     
   6.51994916666667        1.48335208333333      -0.117710219045878     
   6.51994916666667        1.77962250000000      -0.113441719795000     
   6.51994916666667        2.07589291666667      -0.109228847237547     
   6.51994916666667        2.37216333333333      -0.105020991739495     
   6.51994916666667        2.66843375000000      -0.100811385211053     
   6.51994916666667        2.96470416666667      -9.655932005573332E-002
   6.51994916666667        3.26097458333333      -9.220365453895318E-002
   6.51994916666667        3.55724500000000      -8.770967559370384E-002
   6.51994916666667        3.85351541666667      -8.310154011808593E-002
   6.51994916666667        4.14978583333333      -7.846505525916905E-002
   6.51994916666667        4.44605625000000      -7.391708413178640E-002
   6.51994916666667        4.74232666666667      -6.955333030542687E-002
   6.51994916666667        5.03859708333333      -6.540473331242937E-002
   6.51994916666667        5.33486750000000      -6.144011332019455E-002
   6.51994916666667        5.63113791666667      -5.767436891918482E-002
   6.51994916666667        5.92740833333333      -5.411844037753649E-002
   6.51994916666667        6.22367875000000      -5.077204999141417E-002
   6.51994916666667        6.51994916666667      -4.770099024237775E-002
   6.51994916666667        6.81621958333333      -4.507601651533268E-002
   6.51994916666667        7.11249000000000      -4.272877921484172E-002
   6.81621958333333       2.000000000000000E-003 -0.128058244228590     
   6.81621958333333       0.298270416666667      -0.125530034177081     
   6.81621958333333       0.594540833333333      -0.122050552702306     
   6.81621958333333       0.890811250000000      -0.117751972795428     
   6.81621958333333        1.18708166666667      -0.113238054216498     
   6.81621958333333        1.48335208333333      -0.108927971011921     
   6.81621958333333        1.77962250000000      -0.104864607156212     
   6.81621958333333        2.07589291666667      -0.100979173054515     
   6.81621958333333        2.37216333333333      -9.719258855157673E-002
   6.81621958333333        2.66843375000000      -9.345750341492060E-002
   6.81621958333333        2.96470416666667      -8.973217642133531E-002
   6.81621958333333        3.26097458333333      -8.594746552122047E-002
   6.81621958333333        3.55724500000000      -8.204450358941950E-002
   6.81621958333333        3.85351541666667      -7.801363756426261E-002
   6.81621958333333        4.14978583333333      -7.390974541120501E-002
   6.81621958333333        4.44605625000000      -6.982762030012900E-002
   6.81621958333333        4.74232666666667      -6.585787957292091E-002
   6.81621958333333        5.03859708333333      -6.205262405952827E-002
   6.81621958333333        5.33486750000000      -5.842869026346820E-002
   6.81621958333333        5.63113791666667      -5.501808690516916E-002
   6.81621958333333        5.92740833333333      -5.181394606721637E-002
   6.81621958333333        6.22367875000000      -4.875774845530948E-002
   6.81621958333333        6.51994916666667      -4.581635930520835E-002
   6.81621958333333        6.81621958333333      -4.320284687562938E-002
   6.81621958333333        7.11249000000000      -4.114902694493253E-002
   7.11249000000000       2.000000000000000E-003 -0.118091260838576     
   7.11249000000000       0.298270416666667      -0.117312188915044     
   7.11249000000000       0.594540833333333      -0.113926478257809     
   7.11249000000000       0.890811250000000      -0.109330548952068     
   7.11249000000000        1.18708166666667      -0.104797233888101     
   7.11249000000000        1.48335208333333      -0.100638494377030     
   7.11249000000000        1.77962250000000      -9.683152482747841E-002
   7.11249000000000        2.07589291666667      -9.329985873627666E-002
   7.11249000000000        2.37216333333333      -8.996403100584784E-002
   7.11249000000000        2.66843375000000      -8.671395150830778E-002
   7.11249000000000        2.96470416666667      -8.348999605128872E-002
   7.11249000000000        3.26097458333333      -8.020961216366575E-002
   7.11249000000000        3.55724500000000      -7.679592903654847E-002
   7.11249000000000        3.85351541666667      -7.322006187644078E-002
   7.11249000000000        4.14978583333333      -6.952341784219827E-002
   7.11249000000000        4.44605625000000      -6.579655633585117E-002
   7.11249000000000        4.74232666666667      -6.213917245806223E-002
   7.11249000000000        5.03859708333333      -5.863203349477918E-002
   7.11249000000000        5.33486750000000      -5.533546116598287E-002
   7.11249000000000        5.63113791666667      -5.229030629485439E-002
   7.11249000000000        5.92740833333333      -4.949656016393435E-002
   7.11249000000000        6.22367875000000      -4.691083591037801E-002
   7.11249000000000        6.51994916666667      -4.447823975254209E-002
   7.11249000000000        6.81621958333333      -4.207234032475930E-002
   7.11249000000000        7.11249000000000      -3.921604383926177E-002
